q 0 0 10 10
w 10 0 10 10
e 20 0 10 10
r 30 0 10 10
t 40 0 10 10
y 50 0 10 10
u 60 0 10 10
i 70 0 10 10
o 80 0 10 10
p 90 0 10 10
[ 100 0 10 10
] 110 0 10 10
\ 120 0 10 10
a 130 0 10 10
s 140 0 10 10
d 150 0 10 10
f 160 0 10 10
g 170 0 10 10
h 180 0 10 10
j 190 0 10 10
k 200 0 10 10
l 210 0 10 10
; 220 0 10 10
' 230 0 10 10
z 0 10 10 10
x 10 10 10 10
c 20 10 10 10
v 30 10 10 10
b 40 10 10 10
n 50 10 10 10
m 60 10 10 10
, 70 10 10 10
. 80 10 10 10
/ 90 10 10 10
{ 100 10 10 10
} 110 10 10 10
| 120 10 10 10
: 130 10 10 10
" 140 10 10 10
< 150 10 10 10
> 160 10 10 10
? 170 10 10 10
1 180 10 10 10
2 190 10 10 10
3 200 10 10 10
4 210 10 10 10
5 220 10 10 10
6 230 10 10 10
7 0 20 10 10
8 10 20 10 10
9 20 20 10 10
0 30 20 10 10
- 40 20 10 10
= 50 20 10 10
! 60 20 10 10
@ 70 20 10 10
# 80 20 10 10
$ 90 20 10 10
% 100 20 10 10
^ 110 20 10 10
& 120 20 10 10
* 130 20 10 10
( 140 20 10 10
) 150 20 10 10
_ 160 20 10 10
+ 170 20 10 10
一 180 20 10 10
乙 190 20 10 10
二 200 20 10 10
十 210 20 10 10
丁 220 20 10 10
厂 230 20 10 10
七 0 30 10 10
卜 10 30 10 10
人 20 30 10 10
入 30 30 10 10
八 40 30 10 10
九 50 30 10 10
几 60 30 10 10
儿 70 30 10 10
了 80 30 10 10
力 90 30 10 10
乃 100 30 10 10
刀 110 30 10 10
又 120 30 10 10
三 130 30 10 10
于 140 30 10 10
干 150 30 10 10
亏 160 30 10 10
士 170 30 10 10
工 180 30 10 10
土 190 30 10 10
才 200 30 10 10
寸 210 30 10 10
下 220 30 10 10
大 230 30 10 10
丈 0 40 10 10
与 10 40 10 10
万 20 40 10 10
上 30 40 10 10
小 40 40 10 10
口 50 40 10 10
巾 60 40 10 10
山 70 40 10 10
千 80 40 10 10
乞 90 40 10 10
川 100 40 10 10
亿 110 40 10 10
个 120 40 10 10
勺 130 40 10 10
久 140 40 10 10
凡 150 40 10 10
及 160 40 10 10
夕 170 40 10 10
丸 180 40 10 10
么 190 40 10 10
广 200 40 10 10
亡 210 40 10 10
门 220 40 10 10
义 230 40 10 10
之 0 50 10 10
尸 10 50 10 10
弓 20 50 10 10
己 30 50 10 10
已 40 50 10 10
子 50 50 10 10
卫 60 50 10 10
也 70 50 10 10
女 80 50 10 10
飞 90 50 10 10
刃 100 50 10 10
习 110 50 10 10
叉 120 50 10 10
马 130 50 10 10
乡 140 50 10 10
丰 150 50 10 10
王 160 50 10 10
井 170 50 10 10
开 180 50 10 10
夫 190 50 10 10
天 200 50 10 10
无 210 50 10 10
元 220 50 10 10
专 230 50 10 10
云 0 60 10 10
扎 10 60 10 10
艺 20 60 10 10
木 30 60 10 10
五 40 60 10 10
支 50 60 10 10
厅 60 60 10 10
不 70 60 10 10
太 80 60 10 10
犬 90 60 10 10
区 100 60 10 10
历 110 60 10 10
尤 120 60 10 10
友 130 60 10 10
匹 140 60 10 10
车 150 60 10 10
巨 160 60 10 10
牙 170 60 10 10
屯 180 60 10 10
比 190 60 10 10
互 200 60 10 10
切 210 60 10 10
瓦 220 60 10 10
止 230 60 10 10
少 0 70 10 10
日 10 70 10 10
中 20 70 10 10
冈 30 70 10 10
贝 40 70 10 10
内 50 70 10 10
水 60 70 10 10
见 70 70 10 10
午 80 70 10 10
牛 90 70 10 10
手 100 70 10 10
毛 110 70 10 10
气 120 70 10 10
升 130 70 10 10
长 140 70 10 10
仁 150 70 10 10
什 160 70 10 10
片 170 70 10 10
仆 180 70 10 10
化 190 70 10 10
仇 200 70 10 10
币 210 70 10 10
仍 220 70 10 10
仅 230 70 10 10
斤 0 80 10 10
爪 10 80 10 10
反 20 80 10 10
介 30 80 10 10
父 40 80 10 10
从 50 80 10 10
今 60 80 10 10
凶 70 80 10 10
分 80 80 10 10
乏 90 80 10 10
公 100 80 10 10
仓 110 80 10 10
月 120 80 10 10
氏 130 80 10 10
勿 140 80 10 10
欠 150 80 10 10
风 160 80 10 10
丹 170 80 10 10
匀 180 80 10 10
乌 190 80 10 10
凤 200 80 10 10
勾 210 80 10 10
文 220 80 10 10
六 230 80 10 10
方 0 90 10 10
火 10 90 10 10
为 20 90 10 10
斗 30 90 10 10
忆 40 90 10 10
订 50 90 10 10
计 60 90 10 10
户 70 90 10 10
认 80 90 10 10
心 90 90 10 10
尺 100 90 10 10
引 110 90 10 10
丑 120 90 10 10
巴 130 90 10 10
孔 140 90 10 10
队 150 90 10 10
办 160 90 10 10
以 170 90 10 10
允 180 90 10 10
予 190 90 10 10
劝 200 90 10 10
双 210 90 10 10
书 220 90 10 10
幻 230 90 10 10
玉 0 100 10 10
刊 10 100 10 10
示 20 100 10 10
末 30 100 10 10
未 40 100 10 10
击 50 100 10 10
打 60 100 10 10
巧 70 100 10 10
正 80 100 10 10
扑 90 100 10 10
扒 100 100 10 10
功 110 100 10 10
扔 120 100 10 10
去 130 100 10 10
甘 140 100 10 10
世 150 100 10 10
古 160 100 10 10
节 170 100 10 10
本 180 100 10 10
术 190 100 10 10
可 200 100 10 10
丙 210 100 10 10
左 220 100 10 10
厉 230 100 10 10
右 0 110 10 10
石 10 110 10 10
布 20 110 10 10
龙 30 110 10 10
平 40 110 10 10
灭 50 110 10 10
轧 60 110 10 10
东 70 110 10 10
卡 80 110 10 10
北 90 110 10 10
占 100 110 10 10
业 110 110 10 10
旧 120 110 10 10
帅 130 110 10 10
归 140 110 10 10
且 150 110 10 10
旦 160 110 10 10
目 170 110 10 10
叶 180 110 10 10
甲 190 110 10 10
申 200 110 10 10
叮 210 110 10 10
电 220 110 10 10
号 230 110 10 10
田 0 120 10 10
由 10 120 10 10
史 20 120 10 10
只 30 120 10 10
央 40 120 10 10
兄 50 120 10 10
叼 60 120 10 10
叫 70 120 10 10
另 80 120 10 10
叨 90 120 10 10
叹 100 120 10 10
四 110 120 10 10
生 120 120 10 10
失 130 120 10 10
禾 140 120 10 10
丘 150 120 10 10
付 160 120 10 10
仗 170 120 10 10
代 180 120 10 10
仙 190 120 10 10
们 200 120 10 10
仪 210 120 10 10
白 220 120 10 10
仔 230 120 10 10
他 0 130 10 10
斥 10 130 10 10
瓜 20 130 10 10
乎 30 130 10 10
丛 40 130 10 10
令 50 130 10 10
用 60 130 10 10
甩 70 130 10 10
印 80 130 10 10
乐 90 130 10 10
句 100 130 10 10
匆 110 130 10 10
册 120 130 10 10
犯 130 130 10 10
外 140 130 10 10
处 150 130 10 10
冬 160 130 10 10
鸟 170 130 10 10
务 180 130 10 10
包 190 130 10 10
饥 200 130 10 10
主 210 130 10 10
市 220 130 10 10
立 230 130 10 10
闪 0 140 10 10
兰 10 140 10 10
半 20 140 10 10
汁 30 140 10 10
汇 40 140 10 10
头 50 140 10 10
汉 60 140 10 10
宁 70 140 10 10
穴 80 140 10 10
它 90 140 10 10
讨 100 140 10 10
写 110 140 10 10
让 120 140 10 10
礼 130 140 10 10
训 140 140 10 10
必 150 140 10 10
议 160 140 10 10
讯 170 140 10 10
记 180 140 10 10
永 190 140 10 10
司 200 140 10 10
尼 210 140 10 10
民 220 140 10 10
出 230 140 10 10
辽 0 150 10 10
奶 10 150 10 10
奴 20 150 10 10
加 30 150 10 10
召 40 150 10 10
皮 50 150 10 10
边 60 150 10 10
发 70 150 10 10
孕 80 150 10 10
圣 90 150 10 10
对 100 150 10 10
台 110 150 10 10
矛 120 150 10 10
纠 130 150 10 10
母 140 150 10 10
幼 150 150 10 10
丝 160 150 10 10
式 170 150 10 10
刑 180 150 10 10
动 190 150 10 10
扛 200 150 10 10
寺 210 150 10 10
吉 220 150 10 10
扣 230 150 10 10
考 0 160 10 10
托 10 160 10 10
老 20 160 10 10
执 30 160 10 10
巩 40 160 10 10
圾 50 160 10 10
扩 60 160 10 10
扫 70 160 10 10
地 80 160 10 10
扬 90 160 10 10
场 100 160 10 10
耳 110 160 10 10
共 120 160 10 10
芒 130 160 10 10
亚 140 160 10 10
芝 150 160 10 10
朽 160 160 10 10
朴 170 160 10 10
机 180 160 10 10
权 190 160 10 10
过 200 160 10 10
臣 210 160 10 10
再 220 160 10 10
协 230 160 10 10
西 0 170 10 10
压 10 170 10 10
厌 20 170 10 10
在 30 170 10 10
有 40 170 10 10
百 50 170 10 10
存 60 170 10 10
而 70 170 10 10
页 80 170 10 10
匠 90 170 10 10
夸 100 170 10 10
夺 110 170 10 10
灰 120 170 10 10
达 130 170 10 10
列 140 170 10 10
死 150 170 10 10
成 160 170 10 10
夹 170 170 10 10
轨 180 170 10 10
邪 190 170 10 10
划 200 170 10 10
迈 210 170 10 10
毕 220 170 10 10
至 230 170 10 10
此 0 180 10 10
贞 10 180 10 10
师 20 180 10 10
尘 30 180 10 10
尖 40 180 10 10
劣 50 180 10 10
光 60 180 10 10
当 70 180 10 10
早 80 180 10 10
吐 90 180 10 10
吓 100 180 10 10
虫 110 180 10 10
曲 120 180 10 10
团 130 180 10 10
同 140 180 10 10
吊 150 180 10 10
吃 160 180 10 10
因 170 180 10 10
吸 180 180 10 10
吗 190 180 10 10
屿 200 180 10 10
帆 210 180 10 10
岁 220 180 10 10
回 230 180 10 10
岂 0 190 10 10
刚 10 190 10 10
则 20 190 10 10
肉 30 190 10 10
网 40 190 10 10
年 50 190 10 10
朱 60 190 10 10
先 70 190 10 10
丢 80 190 10 10
舌 90 190 10 10
竹 100 190 10 10
迁 110 190 10 10
乔 120 190 10 10
伟 130 190 10 10
传 140 190 10 10
乒 150 190 10 10
乓 160 190 10 10
休 170 190 10 10
伍 180 190 10 10
伏 190 190 10 10
优 200 190 10 10
伐 210 190 10 10
延 220 190 10 10
件 230 190 10 10
任 0 200 10 10
伤 10 200 10 10
价 20 200 10 10
份 30 200 10 10
华 40 200 10 10
仰 50 200 10 10
仿 60 200 10 10
伙 70 200 10 10
伪 80 200 10 10
自 90 200 10 10
血 100 200 10 10
向 110 200 10 10
似 120 200 10 10
后 130 200 10 10
行 140 200 10 10
舟 150 200 10 10
全 160 200 10 10
会 170 200 10 10
杀 180 200 10 10
合 190 200 10 10
兆 200 200 10 10
企 210 200 10 10
众 220 200 10 10
爷 230 200 10 10
伞 0 210 10 10
创 10 210 10 10
肌 20 210 10 10
朵 30 210 10 10
杂 40 210 10 10
危 50 210 10 10
旬 60 210 10 10
旨 70 210 10 10
负 80 210 10 10
各 90 210 10 10
名 100 210 10 10
多 110 210 10 10
争 120 210 10 10
色 130 210 10 10
壮 140 210 10 10
冲 150 210 10 10
冰 160 210 10 10
庄 170 210 10 10
庆 180 210 10 10
亦 190 210 10 10
刘 200 210 10 10
齐 210 210 10 10
交 220 210 10 10
次 230 210 10 10
衣 0 220 10 10
产 10 220 10 10
决 20 220 10 10
充 30 220 10 10
妄 40 220 10 10
闭 50 220 10 10
问 60 220 10 10
闯 70 220 10 10
羊 80 220 10 10
并 90 220 10 10
关 100 220 10 10
米 110 220 10 10
灯 120 220 10 10
州 130 220 10 10
汗 140 220 10 10
污 150 220 10 10
江 160 220 10 10
池 170 220 10 10
汤 180 220 10 10
忙 190 220 10 10
兴 200 220 10 10
宇 210 220 10 10
守 220 220 10 10
宅 230 220 10 10
字 0 230 10 10
安 10 230 10 10
讲 20 230 10 10
军 30 230 10 10
许 40 230 10 10
论 50 230 10 10
农 60 230 10 10
讽 70 230 10 10
设 80 230 10 10
访 90 230 10 10
寻 100 230 10 10
那 110 230 10 10
迅 120 230 10 10
尽 130 230 10 10
导 140 230 10 10
异 150 230 10 10
孙 160 230 10 10
阵 170 230 10 10
阳 180 230 10 10
收 190 230 10 10
阶 200 230 10 10
阴 210 230 10 10
防 220 230 10 10
奸 230 230 10 10
如 0 240 10 10
妇 10 240 10 10
好 20 240 10 10
她 30 240 10 10
妈 40 240 10 10
戏 50 240 10 10
羽 60 240 10 10
观 70 240 10 10
欢 80 240 10 10
买 90 240 10 10
红 100 240 10 10
纤 110 240 10 10
级 120 240 10 10
约 130 240 10 10
纪 140 240 10 10
驰 150 240 10 10
巡 160 240 10 10
寿 170 240 10 10
弄 180 240 10 10
麦 190 240 10 10
形 200 240 10 10
进 210 240 10 10
戒 220 240 10 10
吞 230 240 10 10
远 0 250 10 10
违 10 250 10 10
运 20 250 10 10
扶 30 250 10 10
抚 40 250 10 10
坛 50 250 10 10
技 60 250 10 10
坏 70 250 10 10
扰 80 250 10 10
拒 90 250 10 10
找 100 250 10 10
批 110 250 10 10
扯 120 250 10 10
址 130 250 10 10
走 140 250 10 10
抄 150 250 10 10
坝 160 250 10 10
贡 170 250 10 10
攻 180 250 10 10
赤 190 250 10 10
折 200 250 10 10
抓 210 250 10 10
扮 220 250 10 10
抢 230 250 10 10
孝 0 260 10 10
均 10 260 10 10
抛 20 260 10 10
投 30 260 10 10
坟 40 260 10 10
抗 50 260 10 10
坑 60 260 10 10
坊 70 260 10 10
抖 80 260 10 10
护 90 260 10 10
壳 100 260 10 10
志 110 260 10 10
扭 120 260 10 10
块 130 260 10 10
声 140 260 10 10
把 150 260 10 10
报 160 260 10 10
却 170 260 10 10
劫 180 260 10 10
芽 190 260 10 10
花 200 260 10 10
芹 210 260 10 10
芬 220 260 10 10
苍 230 260 10 10
芳 0 270 10 10
严 10 270 10 10
芦 20 270 10 10
劳 30 270 10 10
克 40 270 10 10
苏 50 270 10 10
杆 60 270 10 10
杠 70 270 10 10
杜 80 270 10 10
材 90 270 10 10
村 100 270 10 10
杏 110 270 10 10
极 120 270 10 10
李 130 270 10 10
杨 140 270 10 10
求 150 270 10 10
更 160 270 10 10
束 170 270 10 10
豆 180 270 10 10
两 190 270 10 10
丽 200 270 10 10
医 210 270 10 10
辰 220 270 10 10
励 230 270 10 10
否 0 280 10 10
还 10 280 10 10
歼 20 280 10 10
来 30 280 10 10
连 40 280 10 10
步 50 280 10 10
坚 60 280 10 10
旱 70 280 10 10
盯 80 280 10 10
呈 90 280 10 10
时 100 280 10 10
吴 110 280 10 10
助 120 280 10 10
县 130 280 10 10
里 140 280 10 10
呆 150 280 10 10
园 160 280 10 10
旷 170 280 10 10
围 180 280 10 10
呀 190 280 10 10
吨 200 280 10 10
足 210 280 10 10
邮 220 280 10 10
男 230 280 10 10
困 0 290 10 10
吵 10 290 10 10
串 20 290 10 10
员 30 290 10 10
听 40 290 10 10
吩 50 290 10 10
吹 60 290 10 10
呜 70 290 10 10
吧 80 290 10 10
吼 90 290 10 10
别 100 290 10 10
岗 110 290 10 10
帐 120 290 10 10
财 130 290 10 10
针 140 290 10 10
钉 150 290 10 10
告 160 290 10 10
我 170 290 10 10
乱 180 290 10 10
利 190 290 10 10
秃 200 290 10 10
秀 210 290 10 10
私 220 290 10 10
每 230 290 10 10
兵 0 300 10 10
估 10 300 10 10
体 20 300 10 10
何 30 300 10 10
但 40 300 10 10
伸 50 300 10 10
作 60 300 10 10
伯 70 300 10 10
伶 80 300 10 10
佣 90 300 10 10
低 100 300 10 10
你 110 300 10 10
住 120 300 10 10
位 130 300 10 10
伴 140 300 10 10
身 150 300 10 10
皂 160 300 10 10
佛 170 300 10 10
近 180 300 10 10
彻 190 300 10 10
役 200 300 10 10
返 210 300 10 10
余 220 300 10 10
希 230 300 10 10
坐 0 310 10 10
谷 10 310 10 10
妥 20 310 10 10
含 30 310 10 10
邻 40 310 10 10
岔 50 310 10 10
肝 60 310 10 10
肚 70 310 10 10
肠 80 310 10 10
龟 90 310 10 10
免 100 310 10 10
狂 110 310 10 10
犹 120 310 10 10
角 130 310 10 10
删 140 310 10 10
条 150 310 10 10
卵 160 310 10 10
岛 170 310 10 10
迎 180 310 10 10
饭 190 310 10 10
饮 200 310 10 10
系 210 310 10 10
言 220 310 10 10
冻 230 310 10 10
状 0 320 10 10
亩 10 320 10 10
况 20 320 10 10
床 30 320 10 10
库 40 320 10 10
疗 50 320 10 10
应 60 320 10 10
冷 70 320 10 10
这 80 320 10 10
序 90 320 10 10
辛 100 320 10 10
弃 110 320 10 10
冶 120 320 10 10
忘 130 320 10 10
闲 140 320 10 10
间 150 320 10 10
闷 160 320 10 10
判 170 320 10 10
灶 180 320 10 10
灿 190 320 10 10
弟 200 320 10 10
汪 210 320 10 10
沙 220 320 10 10
汽 230 320 10 10
沃 0 330 10 10
泛 10 330 10 10
沟 20 330 10 10
没 30 330 10 10
沈 40 330 10 10
沉 50 330 10 10
怀 60 330 10 10
忧 70 330 10 10
快 80 330 10 10
完 90 330 10 10
宋 100 330 10 10
宏 110 330 10 10
牢 120 330 10 10
究 130 330 10 10
穷 140 330 10 10
灾 150 330 10 10
良 160 330 10 10
证 170 330 10 10
启 180 330 10 10
评 190 330 10 10
补 200 330 10 10
初 210 330 10 10
社 220 330 10 10
识 230 330 10 10
诉 0 340 10 10
诊 10 340 10 10
词 20 340 10 10
译 30 340 10 10
君 40 340 10 10
灵 50 340 10 10
即 60 340 10 10
层 70 340 10 10
尿 80 340 10 10
尾 90 340 10 10
迟 100 340 10 10
局 110 340 10 10
改 120 340 10 10
张 130 340 10 10
忌 140 340 10 10
际 150 340 10 10
陆 160 340 10 10
阿 170 340 10 10
陈 180 340 10 10
阻 190 340 10 10
附 200 340 10 10
妙 210 340 10 10
妖 220 340 10 10
妨 230 340 10 10
努 0 350 10 10
忍 10 350 10 10
劲 20 350 10 10
鸡 30 350 10 10
驱 40 350 10 10
纯 50 350 10 10
纱 60 350 10 10
纳 70 350 10 10
纲 80 350 10 10
驳 90 350 10 10
纵 100 350 10 10
纷 110 350 10 10
纸 120 350 10 10
纹 130 350 10 10
纺 140 350 10 10
驴 150 350 10 10
纽 160 350 10 10
奉 170 350 10 10
玩 180 350 10 10
环 190 350 10 10
武 200 350 10 10
青 210 350 10 10
责 220 350 10 10
现 230 350 10 10
表 0 360 10 10
规 10 360 10 10
抹 20 360 10 10
拢 30 360 10 10
拔 40 360 10 10
拣 50 360 10 10
担 60 360 10 10
坦 70 360 10 10
押 80 360 10 10
抽 90 360 10 10
拐 100 360 10 10
拖 110 360 10 10
拍 120 360 10 10
者 130 360 10 10
顶 140 360 10 10
拆 150 360 10 10
拥 160 360 10 10
抵 170 360 10 10
拘 180 360 10 10
势 190 360 10 10
抱 200 360 10 10
垃 210 360 10 10
拉 220 360 10 10
拦 230 360 10 10
拌 0 370 10 10
幸 10 370 10 10
招 20 370 10 10
坡 30 370 10 10
披 40 370 10 10
拨 50 370 10 10
择 60 370 10 10
抬 70 370 10 10
其 80 370 10 10
取 90 370 10 10
苦 100 370 10 10
若 110 370 10 10
茂 120 370 10 10
苹 130 370 10 10
苗 140 370 10 10
英 150 370 10 10
范 160 370 10 10
直 170 370 10 10
茄 180 370 10 10
茎 190 370 10 10
茅 200 370 10 10
林 210 370 10 10
枝 220 370 10 10
杯 230 370 10 10
柜 0 380 10 10
析 10 380 10 10
板 20 380 10 10
松 30 380 10 10
枪 40 380 10 10
构 50 380 10 10
杰 60 380 10 10
述 70 380 10 10
枕 80 380 10 10
丧 90 380 10 10
或 100 380 10 10
画 110 380 10 10
卧 120 380 10 10
事 130 380 10 10
刺 140 380 10 10
枣 150 380 10 10
雨 160 380 10 10
卖 170 380 10 10
矿 180 380 10 10
码 190 380 10 10
厕 200 380 10 10
奔 210 380 10 10
奇 220 380 10 10
奋 230 380 10 10
态 0 390 10 10
欧 10 390 10 10
垄 20 390 10 10
妻 30 390 10 10
轰 40 390 10 10
顷 50 390 10 10
转 60 390 10 10
斩 70 390 10 10
轮 80 390 10 10
软 90 390 10 10
到 100 390 10 10
非 110 390 10 10
叔 120 390 10 10
肯 130 390 10 10
齿 140 390 10 10
些 150 390 10 10
虎 160 390 10 10
虏 170 390 10 10
肾 180 390 10 10
贤 190 390 10 10
尚 200 390 10 10
旺 210 390 10 10
具 220 390 10 10
果 230 390 10 10
味 0 400 10 10
昆 10 400 10 10
国 20 400 10 10
昌 30 400 10 10
畅 40 400 10 10
明 50 400 10 10
易 60 400 10 10
昂 70 400 10 10
典 80 400 10 10
固 90 400 10 10
忠 100 400 10 10
咐 110 400 10 10
呼 120 400 10 10
鸣 130 400 10 10
咏 140 400 10 10
呢 150 400 10 10
岸 160 400 10 10
岩 170 400 10 10
帖 180 400 10 10
罗 190 400 10 10
帜 200 400 10 10
岭 210 400 10 10
凯 220 400 10 10
败 230 400 10 10
贩 0 410 10 10
购 10 410 10 10
图 20 410 10 10
钓 30 410 10 10
制 40 410 10 10
知 50 410 10 10
垂 60 410 10 10
牧 70 410 10 10
物 80 410 10 10
乖 90 410 10 10
刮 100 410 10 10
秆 110 410 10 10
和 120 410 10 10
季 130 410 10 10
委 140 410 10 10
佳 150 410 10 10
侍 160 410 10 10
供 170 410 10 10
使 180 410 10 10
例 190 410 10 10
版 200 410 10 10
侄 210 410 10 10
侦 220 410 10 10
侧 230 410 10 10
凭 0 420 10 10
侨 10 420 10 10
佩 20 420 10 10
货 30 420 10 10
依 40 420 10 10
的 50 420 10 10
迫 60 420 10 10
质 70 420 10 10
欣 80 420 10 10
征 90 420 10 10
往 100 420 10 10
爬 110 420 10 10
彼 120 420 10 10
径 130 420 10 10
所 140 420 10 10
舍 150 420 10 10
金 160 420 10 10
命 170 420 10 10
斧 180 420 10 10
爸 190 420 10 10
采 200 420 10 10
受 210 420 10 10
乳 220 420 10 10
贪 230 420 10 10
念 0 430 10 10
贫 10 430 10 10
肤 20 430 10 10
肺 30 430 10 10
肢 40 430 10 10
肿 50 430 10 10
胀 60 430 10 10
朋 70 430 10 10
股 80 430 10 10
肥 90 430 10 10
服 100 430 10 10
胁 110 430 10 10
周 120 430 10 10
昏 130 430 10 10
鱼 140 430 10 10
兔 150 430 10 10
狐 160 430 10 10
忽 170 430 10 10
狗 180 430 10 10
备 190 430 10 10
饰 200 430 10 10
饱 210 430 10 10
饲 220 430 10 10
变 230 430 10 10
京 0 440 10 10
享 10 440 10 10
店 20 440 10 10
夜 30 440 10 10
庙 40 440 10 10
府 50 440 10 10
底 60 440 10 10
剂 70 440 10 10
郊 80 440 10 10
废 90 440 10 10
净 100 440 10 10
盲 110 440 10 10
放 120 440 10 10
刻 130 440 10 10
育 140 440 10 10
闸 150 440 10 10
闹 160 440 10 10
郑 170 440 10 10
券 180 440 10 10
卷 190 440 10 10
单 200 440 10 10
炒 210 440 10 10
炊 220 440 10 10
炕 230 440 10 10
炎 0 450 10 10
炉 10 450 10 10
沫 20 450 10 10
浅 30 450 10 10
法 40 450 10 10
泄 50 450 10 10
河 60 450 10 10
沾 70 450 10 10
泪 80 450 10 10
油 90 450 10 10
泊 100 450 10 10
沿 110 450 10 10
泡 120 450 10 10
注 130 450 10 10
泻 140 450 10 10
泳 150 450 10 10
泥 160 450 10 10
沸 170 450 10 10
波 180 450 10 10
泼 190 450 10 10
泽 200 450 10 10
治 210 450 10 10
怖 220 450 10 10
性 230 450 10 10
怕 0 460 10 10
怜 10 460 10 10
怪 20 460 10 10
学 30 460 10 10
宝 40 460 10 10
宗 50 460 10 10
定 60 460 10 10
宜 70 460 10 10
审 80 460 10 10
宙 90 460 10 10
官 100 460 10 10
空 110 460 10 10
帘 120 460 10 10
实 130 460 10 10
试 140 460 10 10
郎 150 460 10 10
诗 160 460 10 10
肩 170 460 10 10
房 180 460 10 10
诚 190 460 10 10
衬 200 460 10 10
衫 210 460 10 10
视 220 460 10 10
话 230 460 10 10
诞 0 470 10 10
询 10 470 10 10
该 20 470 10 10
详 30 470 10 10
建 40 470 10 10
肃 50 470 10 10
录 60 470 10 10
隶 70 470 10 10
居 80 470 10 10
届 90 470 10 10
刷 100 470 10 10
屈 110 470 10 10
弦 120 470 10 10
承 130 470 10 10
孟 140 470 10 10
孤 150 470 10 10
陕 160 470 10 10
降 170 470 10 10
限 180 470 10 10
妹 190 470 10 10
姑 200 470 10 10
姐 210 470 10 10
姓 220 470 10 10
始 230 470 10 10
驾 0 480 10 10
参 10 480 10 10
艰 20 480 10 10
线 30 480 10 10
练 40 480 10 10
组 50 480 10 10
细 60 480 10 10
驶 70 480 10 10
织 80 480 10 10
终 90 480 10 10
驻 100 480 10 10
驼 110 480 10 10
绍 120 480 10 10
经 130 480 10 10
贯 140 480 10 10
奏 150 480 10 10
春 160 480 10 10
帮 170 480 10 10
珍 180 480 10 10
玻 190 480 10 10
毒 200 480 10 10
型 210 480 10 10
挂 220 480 10 10
封 230 480 10 10
持 0 490 10 10
项 10 490 10 10
垮 20 490 10 10
挎 30 490 10 10
城 40 490 10 10
挠 50 490 10 10
政 60 490 10 10
赴 70 490 10 10
赵 80 490 10 10
挡 90 490 10 10
挺 100 490 10 10
括 110 490 10 10
拴 120 490 10 10
拾 130 490 10 10
挑 140 490 10 10
指 150 490 10 10
垫 160 490 10 10
挣 170 490 10 10
挤 180 490 10 10
拼 190 490 10 10
挖 200 490 10 10
按 210 490 10 10
挥 220 490 10 10
挪 230 490 10 10
某 0 500 10 10
甚 10 500 10 10
革 20 500 10 10
荐 30 500 10 10
巷 40 500 10 10
带 50 500 10 10
草 60 500 10 10
茧 70 500 10 10
茶 80 500 10 10
荒 90 500 10 10
茫 100 500 10 10
荡 110 500 10 10
荣 120 500 10 10
故 130 500 10 10
胡 140 500 10 10
南 150 500 10 10
药 160 500 10 10
标 170 500 10 10
枯 180 500 10 10
柄 190 500 10 10
栋 200 500 10 10
相 210 500 10 10
查 220 500 10 10
柏 230 500 10 10
柳 0 510 10 10
柱 10 510 10 10
柿 20 510 10 10
栏 30 510 10 10
树 40 510 10 10
要 50 510 10 10
咸 60 510 10 10
威 70 510 10 10
歪 80 510 10 10
研 90 510 10 10
砖 100 510 10 10
厘 110 510 10 10
厚 120 510 10 10
砌 130 510 10 10
砍 140 510 10 10
面 150 510 10 10
耐 160 510 10 10
耍 170 510 10 10
牵 180 510 10 10
残 190 510 10 10
殃 200 510 10 10
轻 210 510 10 10
鸦 220 510 10 10
皆 230 510 10 10
背 0 520 10 10
战 10 520 10 10
点 20 520 10 10
临 30 520 10 10
览 40 520 10 10
竖 50 520 10 10
省 60 520 10 10
削 70 520 10 10
尝 80 520 10 10
是 90 520 10 10
盼 100 520 10 10
眨 110 520 10 10
哄 120 520 10 10
显 130 520 10 10
哑 140 520 10 10
冒 150 520 10 10
映 160 520 10 10
星 170 520 10 10
昨 180 520 10 10
畏 190 520 10 10
趴 200 520 10 10
胃 210 520 10 10
贵 220 520 10 10
界 230 520 10 10
虹 0 530 10 10
虾 10 530 10 10
蚁 20 530 10 10
思 30 530 10 10
蚂 40 530 10 10
虽 50 530 10 10
品 60 530 10 10
咽 70 530 10 10
骂 80 530 10 10
哗 90 530 10 10
咱 100 530 10 10
响 110 530 10 10
哈 120 530 10 10
咬 130 530 10 10
咳 140 530 10 10
哪 150 530 10 10
炭 160 530 10 10
峡 170 530 10 10
罚 180 530 10 10
贱 190 530 10 10
贴 200 530 10 10
骨 210 530 10 10
钞 220 530 10 10
钟 230 530 10 10
钢 0 540 10 10
钥 10 540 10 10
钩 20 540 10 10
卸 30 540 10 10
缸 40 540 10 10
拜 50 540 10 10
看 60 540 10 10
矩 70 540 10 10
怎 80 540 10 10
牲 90 540 10 10
选 100 540 10 10
适 110 540 10 10
秒 120 540 10 10
香 130 540 10 10
种 140 540 10 10
秋 150 540 10 10
科 160 540 10 10
重 170 540 10 10
复 180 540 10 10
竿 190 540 10 10
段 200 540 10 10
便 210 540 10 10
俩 220 540 10 10
贷 230 540 10 10
顺 0 550 10 10
修 10 550 10 10
保 20 550 10 10
促 30 550 10 10
侮 40 550 10 10
俭 50 550 10 10
俗 60 550 10 10
俘 70 550 10 10
信 80 550 10 10
皇 90 550 10 10
泉 100 550 10 10
鬼 110 550 10 10
侵 120 550 10 10
追 130 550 10 10
俊 140 550 10 10
盾 150 550 10 10
待 160 550 10 10
律 170 550 10 10
很 180 550 10 10
须 190 550 10 10
叙 200 550 10 10
剑 210 550 10 10
逃 220 550 10 10
食 230 550 10 10
盆 0 560 10 10
胆 10 560 10 10
胜 20 560 10 10
胞 30 560 10 10
胖 40 560 10 10
脉 50 560 10 10
勉 60 560 10 10
狭 70 560 10 10
狮 80 560 10 10
独 90 560 10 10
狡 100 560 10 10
狱 110 560 10 10
狠 120 560 10 10
贸 130 560 10 10
怨 140 560 10 10
急 150 560 10 10
饶 160 560 10 10
蚀 170 560 10 10
饺 180 560 10 10
饼 190 560 10 10
弯 200 560 10 10
将 210 560 10 10
奖 220 560 10 10
哀 230 560 10 10
亭 0 570 10 10
亮 10 570 10 10
度 20 570 10 10
迹 30 570 10 10
庭 40 570 10 10
疮 50 570 10 10
疯 60 570 10 10
疫 70 570 10 10
疤 80 570 10 10
姿 90 570 10 10
亲 100 570 10 10
音 110 570 10 10
帝 120 570 10 10
施 130 570 10 10
闻 140 570 10 10
阀 150 570 10 10
阁 160 570 10 10
差 170 570 10 10
养 180 570 10 10
美 190 570 10 10
姜 200 570 10 10
叛 210 570 10 10
送 220 570 10 10
类 230 570 10 10
迷 0 580 10 10
前 10 580 10 10
首 20 580 10 10
逆 30 580 10 10
总 40 580 10 10
炼 50 580 10 10
炸 60 580 10 10
炮 70 580 10 10
烂 80 580 10 10
剃 90 580 10 10
洁 100 580 10 10
洪 110 580 10 10
洒 120 580 10 10
浇 130 580 10 10
浊 140 580 10 10
洞 150 580 10 10
测 160 580 10 10
洗 170 580 10 10
活 180 580 10 10
派 190 580 10 10
洽 200 580 10 10
染 210 580 10 10
济 220 580 10 10
洋 230 580 10 10
洲 0 590 10 10
浑 10 590 10 10
浓 20 590 10 10
津 30 590 10 10
恒 40 590 10 10
恢 50 590 10 10
恰 60 590 10 10
恼 70 590 10 10
恨 80 590 10 10
举 90 590 10 10
觉 100 590 10 10
宣 110 590 10 10
室 120 590 10 10
宫 130 590 10 10
宪 140 590 10 10
突 150 590 10 10
穿 160 590 10 10
窃 170 590 10 10
客 180 590 10 10
冠 190 590 10 10
语 200 590 10 10
扁 210 590 10 10
袄 220 590 10 10
祖 230 590 10 10
神 0 600 10 10
祝 10 600 10 10
误 20 600 10 10
诱 30 600 10 10
说 40 600 10 10
诵 50 600 10 10
垦 60 600 10 10
退 70 600 10 10
既 80 600 10 10
屋 90 600 10 10
昼 100 600 10 10
费 110 600 10 10
陡 120 600 10 10
眉 130 600 10 10
孩 140 600 10 10
除 150 600 10 10
险 160 600 10 10
院 170 600 10 10
娃 180 600 10 10
姥 190 600 10 10
姨 200 600 10 10
姻 210 600 10 10
娇 220 600 10 10
怒 230 600 10 10
架 0 610 10 10
贺 10 610 10 10
盈 20 610 10 10
勇 30 610 10 10
怠 40 610 10 10
柔 50 610 10 10
垒 60 610 10 10
绑 70 610 10 10
绒 80 610 10 10
结 90 610 10 10
绕 100 610 10 10
骄 110 610 10 10
绘 120 610 10 10
给 130 610 10 10
络 140 610 10 10
骆 150 610 10 10
绝 160 610 10 10
绞 170 610 10 10
统 180 610 10 10
耕 190 610 10 10
耗 200 610 10 10
艳 210 610 10 10
泰 220 610 10 10
珠 230 610 10 10
班 0 620 10 10
素 10 620 10 10
蚕 20 620 10 10
顽 30 620 10 10
盏 40 620 10 10
匪 50 620 10 10
捞 60 620 10 10
栽 70 620 10 10
捕 80 620 10 10
振 90 620 10 10
载 100 620 10 10
赶 110 620 10 10
起 120 620 10 10
盐 130 620 10 10
捎 140 620 10 10
捏 150 620 10 10
埋 160 620 10 10
捉 170 620 10 10
捆 180 620 10 10
捐 190 620 10 10
损 200 620 10 10
都 210 620 10 10
哲 220 620 10 10
逝 230 620 10 10
捡 0 630 10 10
换 10 630 10 10
挽 20 630 10 10
热 30 630 10 10
恐 40 630 10 10
壶 50 630 10 10
挨 60 630 10 10
耻 70 630 10 10
耽 80 630 10 10
恭 90 630 10 10
莲 100 630 10 10
莫 110 630 10 10
荷 120 630 10 10
获 130 630 10 10
晋 140 630 10 10
恶 150 630 10 10
真 160 630 10 10
框 170 630 10 10
桂 180 630 10 10
档 190 630 10 10
桐 200 630 10 10
株 210 630 10 10
桥 220 630 10 10
桃 230 630 10 10
格 0 640 10 10
校 10 640 10 10
核 20 640 10 10
样 30 640 10 10
根 40 640 10 10
索 50 640 10 10
哥 60 640 10 10
速 70 640 10 10
逗 80 640 10 10
栗 90 640 10 10
配 100 640 10 10
翅 110 640 10 10
辱 120 640 10 10
唇 130 640 10 10
夏 140 640 10 10
础 150 640 10 10
破 160 640 10 10
原 170 640 10 10
套 180 640 10 10
逐 190 640 10 10
烈 200 640 10 10
殊 210 640 10 10
顾 220 640 10 10
轿 230 640 10 10
较 0 650 10 10
顿 10 650 10 10
毙 20 650 10 10
致 30 650 10 10
柴 40 650 10 10
桌 50 650 10 10
虑 60 650 10 10
监 70 650 10 10
紧 80 650 10 10
党 90 650 10 10
晒 100 650 10 10
眠 110 650 10 10
晓 120 650 10 10
鸭 130 650 10 10
晃 140 650 10 10
晌 150 650 10 10
晕 160 650 10 10
蚊 170 650 10 10
哨 180 650 10 10
哭 190 650 10 10
恩 200 650 10 10
唤 210 650 10 10
啊 220 650 10 10
唉 230 650 10 10
罢 0 660 10 10
峰 10 660 10 10
圆 20 660 10 10
贼 30 660 10 10
贿 40 660 10 10
钱 50 660 10 10
钳 60 660 10 10
钻 70 660 10 10
铁 80 660 10 10
铃 90 660 10 10
铅 100 660 10 10
缺 110 660 10 10
氧 120 660 10 10
特 130 660 10 10
牺 140 660 10 10
造 150 660 10 10
乘 160 660 10 10
敌 170 660 10 10
秤 180 660 10 10
租 190 660 10 10
积 200 660 10 10
秧 210 660 10 10
秩 220 660 10 10
称 230 660 10 10
秘 0 670 10 10
透 10 670 10 10
笔 20 670 10 10
笑 30 670 10 10
笋 40 670 10 10
债 50 670 10 10
借 60 670 10 10
值 70 670 10 10
倚 80 670 10 10
倾 90 670 10 10
倒 100 670 10 10
倘 110 670 10 10
俱 120 670 10 10
倡 130 670 10 10
候 140 670 10 10
俯 150 670 10 10
倍 160 670 10 10
倦 170 670 10 10
健 180 670 10 10
臭 190 670 10 10
射 200 670 10 10
躬 210 670 10 10
息 220 670 10 10
徒 230 670 10 10
徐 0 680 10 10
舰 10 680 10 10
舱 20 680 10 10
般 30 680 10 10
航 40 680 10 10
途 50 680 10 10
拿 60 680 10 10
爹 70 680 10 10
爱 80 680 10 10
颂 90 680 10 10
翁 100 680 10 10
脆 110 680 10 10
脂 120 680 10 10
胸 130 680 10 10
胳 140 680 10 10
脏 150 680 10 10
胶 160 680 10 10
脑 170 680 10 10
狸 180 680 10 10
狼 190 680 10 10
逢 200 680 10 10
留 210 680 10 10
皱 220 680 10 10
饿 230 680 10 10
恋 0 690 10 10
桨 10 690 10 10
浆 20 690 10 10
衰 30 690 10 10
高 40 690 10 10
席 50 690 10 10
准 60 690 10 10
座 70 690 10 10
脊 80 690 10 10
症 90 690 10 10
病 100 690 10 10
疾 110 690 10 10
疼 120 690 10 10
疲 130 690 10 10
效 140 690 10 10
离 150 690 10 10
唐 160 690 10 10
资 170 690 10 10
凉 180 690 10 10
站 190 690 10 10
剖 200 690 10 10
竞 210 690 10 10
部 220 690 10 10
旁 230 690 10 10
旅 0 700 10 10
畜 10 700 10 10
阅 20 700 10 10
羞 30 700 10 10
瓶 40 700 10 10
拳 50 700 10 10
粉 60 700 10 10
料 70 700 10 10
益 80 700 10 10
兼 90 700 10 10
烤 100 700 10 10
烘 110 700 10 10
烦 120 700 10 10
烧 130 700 10 10
烛 140 700 10 10
烟 150 700 10 10
递 160 700 10 10
涛 170 700 10 10
浙 180 700 10 10
涝 190 700 10 10
酒 200 700 10 10
涉 210 700 10 10
消 220 700 10 10
浩 230 700 10 10
海 0 710 10 10
涂 10 710 10 10
浴 20 710 10 10
浮 30 710 10 10
流 40 710 10 10
润 50 710 10 10
浪 60 710 10 10
浸 70 710 10 10
涨 80 710 10 10
烫 90 710 10 10
涌 100 710 10 10
悟 110 710 10 10
悄 120 710 10 10
悔 130 710 10 10
悦 140 710 10 10
害 150 710 10 10
宽 160 710 10 10
家 170 710 10 10
宵 180 710 10 10
宴 190 710 10 10
宾 200 710 10 10
窄 210 710 10 10
容 220 710 10 10
宰 230 710 10 10
案 0 720 10 10
请 10 720 10 10
朗 20 720 10 10
诸 30 720 10 10
读 40 720 10 10
扇 50 720 10 10
袜 60 720 10 10
袖 70 720 10 10
袍 80 720 10 10
被 90 720 10 10
祥 100 720 10 10
课 110 720 10 10
谁 120 720 10 10
调 130 720 10 10
冤 140 720 10 10
谅 150 720 10 10
谈 160 720 10 10
谊 170 720 10 10
剥 180 720 10 10
恳 190 720 10 10
展 200 720 10 10
剧 210 720 10 10
屑 220 720 10 10
弱 230 720 10 10
陵 0 730 10 10
陶 10 730 10 10
陷 20 730 10 10
陪 30 730 10 10
娱 40 730 10 10
娘 50 730 10 10
通 60 730 10 10
能 70 730 10 10
难 80 730 10 10
预 90 730 10 10
桑 100 730 10 10
绢 110 730 10 10
绣 120 730 10 10
验 130 730 10 10
继 140 730 10 10
球 150 730 10 10
理 160 730 10 10
捧 170 730 10 10
堵 180 730 10 10
描 190 730 10 10
域 200 730 10 10
掩 210 730 10 10
捷 220 730 10 10
排 230 730 10 10
掉 0 740 10 10
堆 10 740 10 10
推 20 740 10 10
掀 30 740 10 10
授 40 740 10 10
教 50 740 10 10
掏 60 740 10 10
掠 70 740 10 10
培 80 740 10 10
接 90 740 10 10
控 100 740 10 10
探 110 740 10 10
据 120 740 10 10
掘 130 740 10 10
职 140 740 10 10
基 150 740 10 10
著 160 740 10 10
勒 170 740 10 10
黄 180 740 10 10
萌 190 740 10 10
萝 200 740 10 10
菌 210 740 10 10
菜 220 740 10 10
萄 230 740 10 10
菊 0 750 10 10
萍 10 750 10 10
菠 20 750 10 10
营 30 750 10 10
械 40 750 10 10
梦 50 750 10 10
梢 60 750 10 10
梅 70 750 10 10
检 80 750 10 10
梳 90 750 10 10
梯 100 750 10 10
桶 110 750 10 10
救 120 750 10 10
副 130 750 10 10
票 140 750 10 10
戚 150 750 10 10
爽 160 750 10 10
聋 170 750 10 10
袭 180 750 10 10
盛 190 750 10 10
雪 200 750 10 10
辅 210 750 10 10
辆 220 750 10 10
虚 230 750 10 10
雀 0 760 10 10
堂 10 760 10 10
常 20 760 10 10
匙 30 760 10 10
晨 40 760 10 10
睁 50 760 10 10
眯 60 760 10 10
眼 70 760 10 10
悬 80 760 10 10
野 90 760 10 10
啦 100 760 10 10
晚 110 760 10 10
啄 120 760 10 10
距 130 760 10 10
跃 140 760 10 10
略 150 760 10 10
蛇 160 760 10 10
累 170 760 10 10
唱 180 760 10 10
患 190 760 10 10
唯 200 760 10 10
崖 210 760 10 10
崭 220 760 10 10
崇 230 760 10 10
圈 0 770 10 10
铜 10 770 10 10
铲 20 770 10 10
银 30 770 10 10
甜 40 770 10 10
梨 50 770 10 10
犁 60 770 10 10
移 70 770 10 10
笨 80 770 10 10
笼 90 770 10 10
笛 100 770 10 10
符 110 770 10 10
第 120 770 10 10
敏 130 770 10 10
做 140 770 10 10
袋 150 770 10 10
悠 160 770 10 10
偿 170 770 10 10
偶 180 770 10 10
偷 190 770 10 10
您 200 770 10 10
售 210 770 10 10
停 220 770 10 10
偏 230 770 10 10
假 0 780 10 10
得 10 780 10 10
衔 20 780 10 10
盘 30 780 10 10
船 40 780 10 10
斜 50 780 10 10
盒 60 780 10 10
鸽 70 780 10 10
悉 80 780 10 10
欲 90 780 10 10
彩 100 780 10 10
领 110 780 10 10
脚 120 780 10 10
脖 130 780 10 10
脸 140 780 10 10
脱 150 780 10 10
象 160 780 10 10
够 170 780 10 10
猜 180 780 10 10
猪 190 780 10 10
猎 200 780 10 10
猫 210 780 10 10
猛 220 780 10 10
馅 230 780 10 10
馆 0 790 10 10
凑 10 790 10 10
减 20 790 10 10
毫 30 790 10 10
麻 40 790 10 10
痒 50 790 10 10
痕 60 790 10 10
廊 70 790 10 10
康 80 790 10 10
庸 90 790 10 10
鹿 100 790 10 10
盗 110 790 10 10
章 120 790 10 10
竟 130 790 10 10
商 140 790 10 10
族 150 790 10 10
旋 160 790 10 10
望 170 790 10 10
率 180 790 10 10
着 190 790 10 10
盖 200 790 10 10
粘 210 790 10 10
粗 220 790 10 10
粒 230 790 10 10
断 0 800 10 10
剪 10 800 10 10
兽 20 800 10 10
清 30 800 10 10
添 40 800 10 10
淋 50 800 10 10
淹 60 800 10 10
渠 70 800 10 10
渐 80 800 10 10
混 90 800 10 10
渔 100 800 10 10
淘 110 800 10 10
液 120 800 10 10
淡 130 800 10 10
深 140 800 10 10
婆 150 800 10 10
梁 160 800 10 10
渗 170 800 10 10
情 180 800 10 10
惜 190 800 10 10
惭 200 800 10 10
悼 210 800 10 10
惧 220 800 10 10
惕 230 800 10 10
惊 0 810 10 10
惨 10 810 10 10
惯 20 810 10 10
寇 30 810 10 10
寄 40 810 10 10
宿 50 810 10 10
窑 60 810 10 10
密 70 810 10 10
谋 80 810 10 10
谎 90 810 10 10
祸 100 810 10 10
谜 110 810 10 10
逮 120 810 10 10
敢 130 810 10 10
屠 140 810 10 10
弹 150 810 10 10
随 160 810 10 10
蛋 170 810 10 10
隆 180 810 10 10
隐 190 810 10 10
婚 200 810 10 10
婶 210 810 10 10
颈 220 810 10 10
绩 230 810 10 10
绪 0 820 10 10
续 10 820 10 10
骑 20 820 10 10
绳 30 820 10 10
维 40 820 10 10
绵 50 820 10 10
绸 60 820 10 10
绿 70 820 10 10
琴 80 820 10 10
斑 90 820 10 10
替 100 820 10 10
款 110 820 10 10
堪 120 820 10 10
搭 130 820 10 10
塔 140 820 10 10
越 150 820 10 10
趁 160 820 10 10
趋 170 820 10 10
超 180 820 10 10
提 190 820 10 10
堤 200 820 10 10
博 210 820 10 10
揭 220 820 10 10
喜 230 820 10 10
插 0 830 10 10
揪 10 830 10 10
搜 20 830 10 10
煮 30 830 10 10
援 40 830 10 10
裁 50 830 10 10
搁 60 830 10 10
搂 70 830 10 10
搅 80 830 10 10
握 90 830 10 10
揉 100 830 10 10
斯 110 830 10 10
期 120 830 10 10
欺 130 830 10 10
联 140 830 10 10
散 150 830 10 10
惹 160 830 10 10
葬 170 830 10 10
葛 180 830 10 10
董 190 830 10 10
葡 200 830 10 10
敬 210 830 10 10
葱 220 830 10 10
落 230 830 10 10
朝 0 840 10 10
辜 10 840 10 10
葵 20 840 10 10
棒 30 840 10 10
棋 40 840 10 10
植 50 840 10 10
森 60 840 10 10
椅 70 840 10 10
椒 80 840 10 10
棵 90 840 10 10
棍 100 840 10 10
棉 110 840 10 10
棚 120 840 10 10
棕 130 840 10 10
惠 140 840 10 10
惑 150 840 10 10
逼 160 840 10 10
厨 170 840 10 10
厦 180 840 10 10
硬 190 840 10 10
确 200 840 10 10
雁 210 840 10 10
殖 220 840 10 10
裂 230 840 10 10
雄 0 850 10 10
暂 10 850 10 10
雅 20 850 10 10
辈 30 850 10 10
悲 40 850 10 10
紫 50 850 10 10
辉 60 850 10 10
敞 70 850 10 10
赏 80 850 10 10
掌 90 850 10 10
晴 100 850 10 10
暑 110 850 10 10
最 120 850 10 10
量 130 850 10 10
喷 140 850 10 10
晶 150 850 10 10
喇 160 850 10 10
遇 170 850 10 10
喊 180 850 10 10
景 190 850 10 10
践 200 850 10 10
跌 210 850 10 10
跑 220 850 10 10
遗 230 850 10 10
蛙 0 860 10 10
蛛 10 860 10 10
蜓 20 860 10 10
喝 30 860 10 10
喂 40 860 10 10
喘 50 860 10 10
喉 60 860 10 10
幅 70 860 10 10
帽 80 860 10 10
赌 90 860 10 10
赔 100 860 10 10
黑 110 860 10 10
铸 120 860 10 10
铺 130 860 10 10
链 140 860 10 10
销 150 860 10 10
锁 160 860 10 10
锄 170 860 10 10
锅 180 860 10 10
锈 190 860 10 10
锋 200 860 10 10
锐 210 860 10 10
短 220 860 10 10
智 230 860 10 10
毯 0 870 10 10
鹅 10 870 10 10
剩 20 870 10 10
稍 30 870 10 10
程 40 870 10 10
稀 50 870 10 10
税 60 870 10 10
筐 70 870 10 10
等 80 870 10 10
筑 90 870 10 10
策 100 870 10 10
筛 110 870 10 10
筒 120 870 10 10
答 130 870 10 10
筋 140 870 10 10
筝 150 870 10 10
傲 160 870 10 10
傅 170 870 10 10
牌 180 870 10 10
堡 190 870 10 10
集 200 870 10 10
焦 210 870 10 10
傍 220 870 10 10
储 230 870 10 10
奥 0 880 10 10
街 10 880 10 10
惩 20 880 10 10
御 30 880 10 10
循 40 880 10 10
艇 50 880 10 10
舒 60 880 10 10
番 70 880 10 10
释 80 880 10 10
禽 90 880 10 10
腊 100 880 10 10
脾 110 880 10 10
腔 120 880 10 10
鲁 130 880 10 10
猾 140 880 10 10
猴 150 880 10 10
然 160 880 10 10
馋 170 880 10 10
装 180 880 10 10
蛮 190 880 10 10
就 200 880 10 10
痛 210 880 10 10
童 220 880 10 10
阔 230 880 10 10
善 0 890 10 10
羡 10 890 10 10
普 20 890 10 10
粪 30 890 10 10
尊 40 890 10 10
道 50 890 10 10
曾 60 890 10 10
焰 70 890 10 10
港 80 890 10 10
湖 90 890 10 10
渣 100 890 10 10
湿 110 890 10 10
温 120 890 10 10
渴 130 890 10 10
滑 140 890 10 10
湾 150 890 10 10
渡 160 890 10 10
游 170 890 10 10
滋 180 890 10 10
溉 190 890 10 10
愤 200 890 10 10
慌 210 890 10 10
惰 220 890 10 10
愧 230 890 10 10
愉 0 900 10 10
慨 10 900 10 10
割 20 900 10 10
寒 30 900 10 10
富 40 900 10 10
窜 50 900 10 10
窝 60 900 10 10
窗 70 900 10 10
遍 80 900 10 10
裕 90 900 10 10
裤 100 900 10 10
裙 110 900 10 10
谢 120 900 10 10
谣 130 900 10 10
谦 140 900 10 10
属 150 900 10 10
屡 160 900 10 10
强 170 900 10 10
粥 180 900 10 10
疏 190 900 10 10
隔 200 900 10 10
隙 210 900 10 10
絮 220 900 10 10
嫂 230 900 10 10
登 0 910 10 10
缎 10 910 10 10
缓 20 910 10 10
编 30 910 10 10
骗 40 910 10 10
缘 50 910 10 10
瑞 60 910 10 10
魂 70 910 10 10
肆 80 910 10 10
摄 90 910 10 10
摸 100 910 10 10
填 110 910 10 10
搏 120 910 10 10
塌 130 910 10 10
鼓 140 910 10 10
摆 150 910 10 10
携 160 910 10 10
搬 170 910 10 10
摇 180 910 10 10
搞 190 910 10 10
塘 200 910 10 10
摊 210 910 10 10
蒜 220 910 10 10
勤 230 910 10 10
鹊 0 920 10 10
蓝 10 920 10 10
墓 20 920 10 10
幕 30 920 10 10
蓬 40 920 10 10
蓄 50 920 10 10
蒙 60 920 10 10
蒸 70 920 10 10
献 80 920 10 10
禁 90 920 10 10
楚 100 920 10 10
想 110 920 10 10
槐 120 920 10 10
榆 130 920 10 10
楼 140 920 10 10
概 150 920 10 10
赖 160 920 10 10
酬 170 920 10 10
感 180 920 10 10
碍 190 920 10 10
碑 200 920 10 10
碎 210 920 10 10
碰 220 920 10 10
碗 230 920 10 10
碌 0 930 10 10
雷 10 930 10 10
零 20 930 10 10
雾 30 930 10 10
雹 40 930 10 10
输 50 930 10 10
督 60 930 10 10
龄 70 930 10 10
鉴 80 930 10 10
睛 90 930 10 10
睡 100 930 10 10
睬 110 930 10 10
鄙 120 930 10 10
愚 130 930 10 10
暖 140 930 10 10
盟 150 930 10 10
歇 160 930 10 10
暗 170 930 10 10
照 180 930 10 10
跨 190 930 10 10
跳 200 930 10 10
跪 210 930 10 10
路 220 930 10 10
跟 230 930 10 10
遣 0 940 10 10
蛾 10 940 10 10
蜂 20 940 10 10
嗓 30 940 10 10
置 40 940 10 10
罪 50 940 10 10
罩 60 940 10 10
错 70 940 10 10
锡 80 940 10 10
锣 90 940 10 10
锤 100 940 10 10
锦 110 940 10 10
键 120 940 10 10
锯 130 940 10 10
矮 140 940 10 10
辞 150 940 10 10
稠 160 940 10 10
愁 170 940 10 10
筹 180 940 10 10
签 190 940 10 10
简 200 940 10 10
毁 210 940 10 10
舅 220 940 10 10
鼠 230 940 10 10
催 0 950 10 10
傻 10 950 10 10
像 20 950 10 10
躲 30 950 10 10
微 40 950 10 10
愈 50 950 10 10
遥 60 950 10 10
腰 70 950 10 10
腥 80 950 10 10
腹 90 950 10 10
腾 100 950 10 10
腿 110 950 10 10
触 120 950 10 10
解 130 950 10 10
酱 140 950 10 10
痰 150 950 10 10
廉 160 950 10 10
新 170 950 10 10
韵 180 950 10 10
意 190 950 10 10
粮 200 950 10 10
数 210 950 10 10
煎 220 950 10 10
塑 230 950 10 10
慈 0 960 10 10
煤 10 960 10 10
煌 20 960 10 10
满 30 960 10 10
漠 40 960 10 10
源 50 960 10 10
滤 60 960 10 10
滥 70 960 10 10
滔 80 960 10 10
溪 90 960 10 10
溜 100 960 10 10
滚 110 960 10 10
滨 120 960 10 10
粱 130 960 10 10
滩 140 960 10 10
慎 150 960 10 10
誉 160 960 10 10
塞 170 960 10 10
谨 180 960 10 10
福 190 960 10 10
群 200 960 10 10
殿 210 960 10 10
辟 220 960 10 10
障 230 960 10 10
嫌 0 970 10 10
嫁 10 970 10 10
叠 20 970 10 10
缝 30 970 10 10
缠 40 970 10 10
静 50 970 10 10
碧 60 970 10 10
璃 70 970 10 10
墙 80 970 10 10
撇 90 970 10 10
嘉 100 970 10 10
摧 110 970 10 10
截 120 970 10 10
誓 130 970 10 10
境 140 970 10 10
摘 150 970 10 10
摔 160 970 10 10
聚 170 970 10 10
蔽 180 970 10 10
慕 190 970 10 10
暮 200 970 10 10
蔑 210 970 10 10
模 220 970 10 10
榴 230 970 10 10
榜 0 980 10 10
榨 10 980 10 10
歌 20 980 10 10
遭 30 980 10 10
酷 40 980 10 10
酿 50 980 10 10
酸 60 980 10 10
磁 70 980 10 10
愿 80 980 10 10
需 90 980 10 10
弊 100 980 10 10
裳 110 980 10 10
颗 120 980 10 10
嗽 130 980 10 10
蜻 140 980 10 10
蜡 150 980 10 10
蝇 160 980 10 10
蜘 170 980 10 10
赚 180 980 10 10
锹 190 980 10 10
锻 200 980 10 10
舞 210 980 10 10
稳 220 980 10 10
算 230 980 10 10
箩 0 990 10 10
管 10 990 10 10
僚 20 990 10 10
鼻 30 990 10 10
魄 40 990 10 10
貌 50 990 10 10
膜 60 990 10 10
膊 70 990 10 10
膀 80 990 10 10
鲜 90 990 10 10
疑 100 990 10 10
馒 110 990 10 10
裹 120 990 10 10
敲 130 990 10 10
豪 140 990 10 10
膏 150 990 10 10
遮 160 990 10 10
腐 170 990 10 10
瘦 180 990 10 10
辣 190 990 10 10
竭 200 990 10 10
端 210 990 10 10
旗 220 990 10 10
精 230 990 10 10
歉 0 1000 10 10
熄 10 1000 10 10
熔 20 1000 10 10
漆 30 1000 10 10
漂 40 1000 10 10
漫 50 1000 10 10
滴 60 1000 10 10
演 70 1000 10 10
漏 80 1000 10 10
慢 90 1000 10 10
寨 100 1000 10 10
赛 110 1000 10 10
察 120 1000 10 10
蜜 130 1000 10 10
谱 140 1000 10 10
嫩 150 1000 10 10
翠 160 1000 10 10
熊 170 1000 10 10
凳 180 1000 10 10
骡 190 1000 10 10
缩 200 1000 10 10
慧 210 1000 10 10
撕 220 1000 10 10
撒 230 1000 10 10
趣 0 1010 10 10
趟 10 1010 10 10
撑 20 1010 10 10
播 30 1010 10 10
撞 40 1010 10 10
撤 50 1010 10 10
增 60 1010 10 10
聪 70 1010 10 10
鞋 80 1010 10 10
蕉 90 1010 10 10
蔬 100 1010 10 10
横 110 1010 10 10
槽 120 1010 10 10
樱 130 1010 10 10
橡 140 1010 10 10
飘 150 1010 10 10
醋 160 1010 10 10
醉 170 1010 10 10
震 180 1010 10 10
霉 190 1010 10 10
瞒 200 1010 10 10
题 210 1010 10 10
暴 220 1010 10 10
瞎 230 1010 10 10
影 0 1020 10 10
踢 10 1020 10 10
踏 20 1020 10 10
踩 30 1020 10 10
踪 40 1020 10 10
蝶 50 1020 10 10
蝴 60 1020 10 10
嘱 70 1020 10 10
墨 80 1020 10 10
镇 90 1020 10 10
靠 100 1020 10 10
稻 110 1020 10 10
黎 120 1020 10 10
稿 130 1020 10 10
稼 140 1020 10 10
箱 150 1020 10 10
箭 160 1020 10 10
篇 170 1020 10 10
僵 180 1020 10 10
躺 190 1020 10 10
僻 200 1020 10 10
德 210 1020 10 10
艘 220 1020 10 10
膝 230 1020 10 10
膛 0 1030 10 10
熟 10 1030 10 10
摩 20 1030 10 10
颜 30 1030 10 10
毅 40 1030 10 10
糊 50 1030 10 10
遵 60 1030 10 10
潜 70 1030 10 10
潮 80 1030 10 10
懂 90 1030 10 10
额 100 1030 10 10
慰 110 1030 10 10
劈 120 1030 10 10
操 130 1030 10 10
燕 140 1030 10 10
薯 150 1030 10 10
薪 160 1030 10 10
薄 170 1030 10 10
颠 180 1030 10 10
橘 190 1030 10 10
整 200 1030 10 10
融 210 1030 10 10
醒 220 1030 10 10
餐 230 1030 10 10
嘴 0 1040 10 10
蹄 10 1040 10 10
器 20 1040 10 10
赠 30 1040 10 10
默 40 1040 10 10
镜 50 1040 10 10
赞 60 1040 10 10
篮 70 1040 10 10
邀 80 1040 10 10
衡 90 1040 10 10
膨 100 1040 10 10
雕 110 1040 10 10
磨 120 1040 10 10
凝 130 1040 10 10
辨 140 1040 10 10
辩 150 1040 10 10
糖 160 1040 10 10
糕 170 1040 10 10
燃 180 1040 10 10
澡 190 1040 10 10
激 200 1040 10 10
懒 210 1040 10 10
壁 220 1040 10 10
避 230 1040 10 10
缴 0 1050 10 10
戴 10 1050 10 10
擦 20 1050 10 10
鞠 30 1050 10 10
藏 40 1050 10 10
霜 50 1050 10 10
霞 60 1050 10 10
瞧 70 1050 10 10
蹈 80 1050 10 10
螺 90 1050 10 10
穗 100 1050 10 10
繁 110 1050 10 10
辫 120 1050 10 10
赢 130 1050 10 10
糟 140 1050 10 10
糠 150 1050 10 10
燥 160 1050 10 10
臂 170 1050 10 10
翼 180 1050 10 10
骤 190 1050 10 10
鞭 200 1050 10 10
覆 210 1050 10 10
蹦 220 1050 10 10
镰 230 1050 10 10
