q 1 1 34 34
w 36 1 34 34
e 71 1 34 34
r 106 1 34 34
t 141 1 34 34
y 176 1 34 34
u 211 1 34 34
i 246 1 34 34
o 281 1 34 34
p 316 1 34 34
[ 351 1 34 34
] 386 1 34 34
\ 421 1 34 34
a 456 1 34 34
s 491 1 34 34
d 526 1 34 34
f 561 1 34 34
g 596 1 34 34
h 631 1 34 34
j 666 1 34 34
k 701 1 34 34
l 736 1 34 34
; 771 1 34 34
' 806 1 34 34
z 1 36 34 34
x 36 36 34 34
c 71 36 34 34
v 106 36 34 34
b 141 36 34 34
n 176 36 34 34
m 211 36 34 34
, 246 36 34 34
. 281 36 34 34
/ 316 36 34 34
{ 351 36 34 34
} 386 36 34 34
| 421 36 34 34
: 456 36 34 34
" 491 36 34 34
< 526 36 34 34
> 561 36 34 34
? 596 36 34 34
1 631 36 34 34
2 666 36 34 34
3 701 36 34 34
4 736 36 34 34
5 771 36 34 34
6 806 36 34 34
7 1 71 34 34
8 36 71 34 34
9 71 71 34 34
0 106 71 34 34
- 141 71 34 34
= 176 71 34 34
! 211 71 34 34
@ 246 71 34 34
# 281 71 34 34
$ 316 71 34 34
% 351 71 34 34
^ 386 71 34 34
& 421 71 34 34
* 456 71 34 34
( 491 71 34 34
) 526 71 34 34
_ 561 71 34 34
+ 596 71 34 34
一 631 71 34 34
乙 666 71 34 34
二 701 71 34 34
十 736 71 34 34
丁 771 71 34 34
厂 806 71 34 34
七 1 106 34 34
卜 36 106 34 34
人 71 106 34 34
入 106 106 34 34
八 141 106 34 34
九 176 106 34 34
几 211 106 34 34
儿 246 106 34 34
了 281 106 34 34
力 316 106 34 34
乃 351 106 34 34
刀 386 106 34 34
又 421 106 34 34
三 456 106 34 34
于 491 106 34 34
干 526 106 34 34
亏 561 106 34 34
士 596 106 34 34
工 631 106 34 34
土 666 106 34 34
才 701 106 34 34
寸 736 106 34 34
下 771 106 34 34
大 806 106 34 34
丈 1 141 34 34
与 36 141 34 34
万 71 141 34 34
上 106 141 34 34
小 141 141 34 34
口 176 141 34 34
巾 211 141 34 34
山 246 141 34 34
千 281 141 34 34
乞 316 141 34 34
川 351 141 34 34
亿 386 141 34 34
个 421 141 34 34
勺 456 141 34 34
久 491 141 34 34
凡 526 141 34 34
及 561 141 34 34
夕 596 141 34 34
丸 631 141 34 34
么 666 141 34 34
广 701 141 34 34
亡 736 141 34 34
门 771 141 34 34
义 806 141 34 34
之 1 176 34 34
尸 36 176 34 34
弓 71 176 34 34
己 106 176 34 34
已 141 176 34 34
子 176 176 34 34
卫 211 176 34 34
也 246 176 34 34
女 281 176 34 34
飞 316 176 34 34
刃 351 176 34 34
习 386 176 34 34
叉 421 176 34 34
马 456 176 34 34
乡 491 176 34 34
丰 526 176 34 34
王 561 176 34 34
井 596 176 34 34
开 631 176 34 34
夫 666 176 34 34
天 701 176 34 34
无 736 176 34 34
元 771 176 34 34
专 806 176 34 34
云 1 211 34 34
扎 36 211 34 34
艺 71 211 34 34
木 106 211 34 34
五 141 211 34 34
支 176 211 34 34
厅 211 211 34 34
不 246 211 34 34
太 281 211 34 34
犬 316 211 34 34
区 351 211 34 34
历 386 211 34 34
尤 421 211 34 34
友 456 211 34 34
匹 491 211 34 34
车 526 211 34 34
巨 561 211 34 34
牙 596 211 34 34
屯 631 211 34 34
比 666 211 34 34
互 701 211 34 34
切 736 211 34 34
瓦 771 211 34 34
止 806 211 34 34
少 1 246 34 34
日 36 246 34 34
中 71 246 34 34
冈 106 246 34 34
贝 141 246 34 34
内 176 246 34 34
水 211 246 34 34
见 246 246 34 34
午 281 246 34 34
牛 316 246 34 34
手 351 246 34 34
毛 386 246 34 34
气 421 246 34 34
升 456 246 34 34
长 491 246 34 34
仁 526 246 34 34
什 561 246 34 34
片 596 246 34 34
仆 631 246 34 34
化 666 246 34 34
仇 701 246 34 34
币 736 246 34 34
仍 771 246 34 34
仅 806 246 34 34
斤 1 281 34 34
爪 36 281 34 34
反 71 281 34 34
介 106 281 34 34
父 141 281 34 34
从 176 281 34 34
今 211 281 34 34
凶 246 281 34 34
分 281 281 34 34
乏 316 281 34 34
公 351 281 34 34
仓 386 281 34 34
月 421 281 34 34
氏 456 281 34 34
勿 491 281 34 34
欠 526 281 34 34
风 561 281 34 34
丹 596 281 34 34
匀 631 281 34 34
乌 666 281 34 34
凤 701 281 34 34
勾 736 281 34 34
文 771 281 34 34
六 806 281 34 34
方 1 316 34 34
火 36 316 34 34
为 71 316 34 34
斗 106 316 34 34
忆 141 316 34 34
订 176 316 34 34
计 211 316 34 34
户 246 316 34 34
认 281 316 34 34
心 316 316 34 34
尺 351 316 34 34
引 386 316 34 34
丑 421 316 34 34
巴 456 316 34 34
孔 491 316 34 34
队 526 316 34 34
办 561 316 34 34
以 596 316 34 34
允 631 316 34 34
予 666 316 34 34
劝 701 316 34 34
双 736 316 34 34
书 771 316 34 34
幻 806 316 34 34
玉 1 351 34 34
刊 36 351 34 34
示 71 351 34 34
末 106 351 34 34
未 141 351 34 34
击 176 351 34 34
打 211 351 34 34
巧 246 351 34 34
正 281 351 34 34
扑 316 351 34 34
扒 351 351 34 34
功 386 351 34 34
扔 421 351 34 34
去 456 351 34 34
甘 491 351 34 34
世 526 351 34 34
古 561 351 34 34
节 596 351 34 34
本 631 351 34 34
术 666 351 34 34
可 701 351 34 34
丙 736 351 34 34
左 771 351 34 34
厉 806 351 34 34
右 1 386 34 34
石 36 386 34 34
布 71 386 34 34
龙 106 386 34 34
平 141 386 34 34
灭 176 386 34 34
轧 211 386 34 34
东 246 386 34 34
卡 281 386 34 34
北 316 386 34 34
占 351 386 34 34
业 386 386 34 34
旧 421 386 34 34
帅 456 386 34 34
归 491 386 34 34
且 526 386 34 34
旦 561 386 34 34
目 596 386 34 34
叶 631 386 34 34
甲 666 386 34 34
申 701 386 34 34
叮 736 386 34 34
电 771 386 34 34
号 806 386 34 34
田 1 421 34 34
由 36 421 34 34
史 71 421 34 34
只 106 421 34 34
央 141 421 34 34
兄 176 421 34 34
叼 211 421 34 34
叫 246 421 34 34
另 281 421 34 34
叨 316 421 34 34
叹 351 421 34 34
四 386 421 34 34
生 421 421 34 34
失 456 421 34 34
禾 491 421 34 34
丘 526 421 34 34
付 561 421 34 34
仗 596 421 34 34
代 631 421 34 34
仙 666 421 34 34
们 701 421 34 34
仪 736 421 34 34
白 771 421 34 34
仔 806 421 34 34
他 1 456 34 34
斥 36 456 34 34
瓜 71 456 34 34
乎 106 456 34 34
丛 141 456 34 34
令 176 456 34 34
用 211 456 34 34
甩 246 456 34 34
印 281 456 34 34
乐 316 456 34 34
句 351 456 34 34
匆 386 456 34 34
册 421 456 34 34
犯 456 456 34 34
外 491 456 34 34
处 526 456 34 34
冬 561 456 34 34
鸟 596 456 34 34
务 631 456 34 34
包 666 456 34 34
饥 701 456 34 34
主 736 456 34 34
市 771 456 34 34
立 806 456 34 34
闪 1 491 34 34
兰 36 491 34 34
半 71 491 34 34
汁 106 491 34 34
汇 141 491 34 34
头 176 491 34 34
汉 211 491 34 34
宁 246 491 34 34
穴 281 491 34 34
它 316 491 34 34
讨 351 491 34 34
写 386 491 34 34
让 421 491 34 34
礼 456 491 34 34
训 491 491 34 34
必 526 491 34 34
议 561 491 34 34
讯 596 491 34 34
记 631 491 34 34
永 666 491 34 34
司 701 491 34 34
尼 736 491 34 34
民 771 491 34 34
出 806 491 34 34
辽 1 526 34 34
奶 36 526 34 34
奴 71 526 34 34
加 106 526 34 34
召 141 526 34 34
皮 176 526 34 34
边 211 526 34 34
发 246 526 34 34
孕 281 526 34 34
圣 316 526 34 34
对 351 526 34 34
台 386 526 34 34
矛 421 526 34 34
纠 456 526 34 34
母 491 526 34 34
幼 526 526 34 34
丝 561 526 34 34
式 596 526 34 34
刑 631 526 34 34
动 666 526 34 34
扛 701 526 34 34
寺 736 526 34 34
吉 771 526 34 34
扣 806 526 34 34
考 1 561 34 34
托 36 561 34 34
老 71 561 34 34
执 106 561 34 34
巩 141 561 34 34
圾 176 561 34 34
扩 211 561 34 34
扫 246 561 34 34
地 281 561 34 34
扬 316 561 34 34
场 351 561 34 34
耳 386 561 34 34
共 421 561 34 34
芒 456 561 34 34
亚 491 561 34 34
芝 526 561 34 34
朽 561 561 34 34
朴 596 561 34 34
机 631 561 34 34
权 666 561 34 34
过 701 561 34 34
臣 736 561 34 34
再 771 561 34 34
协 806 561 34 34
西 1 596 34 34
压 36 596 34 34
厌 71 596 34 34
在 106 596 34 34
有 141 596 34 34
百 176 596 34 34
存 211 596 34 34
而 246 596 34 34
页 281 596 34 34
匠 316 596 34 34
夸 351 596 34 34
夺 386 596 34 34
灰 421 596 34 34
达 456 596 34 34
列 491 596 34 34
死 526 596 34 34
成 561 596 34 34
夹 596 596 34 34
轨 631 596 34 34
邪 666 596 34 34
划 701 596 34 34
迈 736 596 34 34
毕 771 596 34 34
至 806 596 34 34
此 1 631 34 34
贞 36 631 34 34
师 71 631 34 34
尘 106 631 34 34
尖 141 631 34 34
劣 176 631 34 34
光 211 631 34 34
当 246 631 34 34
早 281 631 34 34
吐 316 631 34 34
吓 351 631 34 34
虫 386 631 34 34
曲 421 631 34 34
团 456 631 34 34
同 491 631 34 34
吊 526 631 34 34
吃 561 631 34 34
因 596 631 34 34
吸 631 631 34 34
吗 666 631 34 34
屿 701 631 34 34
帆 736 631 34 34
岁 771 631 34 34
回 806 631 34 34
岂 1 666 34 34
刚 36 666 34 34
则 71 666 34 34
肉 106 666 34 34
网 141 666 34 34
年 176 666 34 34
朱 211 666 34 34
先 246 666 34 34
丢 281 666 34 34
舌 316 666 34 34
竹 351 666 34 34
迁 386 666 34 34
乔 421 666 34 34
伟 456 666 34 34
传 491 666 34 34
乒 526 666 34 34
乓 561 666 34 34
休 596 666 34 34
伍 631 666 34 34
伏 666 666 34 34
优 701 666 34 34
伐 736 666 34 34
延 771 666 34 34
件 806 666 34 34
任 1 701 34 34
伤 36 701 34 34
价 71 701 34 34
份 106 701 34 34
华 141 701 34 34
仰 176 701 34 34
仿 211 701 34 34
伙 246 701 34 34
伪 281 701 34 34
自 316 701 34 34
血 351 701 34 34
向 386 701 34 34
似 421 701 34 34
后 456 701 34 34
行 491 701 34 34
舟 526 701 34 34
全 561 701 34 34
会 596 701 34 34
杀 631 701 34 34
合 666 701 34 34
兆 701 701 34 34
企 736 701 34 34
众 771 701 34 34
爷 806 701 34 34
伞 1 736 34 34
创 36 736 34 34
肌 71 736 34 34
朵 106 736 34 34
杂 141 736 34 34
危 176 736 34 34
旬 211 736 34 34
旨 246 736 34 34
负 281 736 34 34
各 316 736 34 34
名 351 736 34 34
多 386 736 34 34
争 421 736 34 34
色 456 736 34 34
壮 491 736 34 34
冲 526 736 34 34
冰 561 736 34 34
庄 596 736 34 34
庆 631 736 34 34
亦 666 736 34 34
刘 701 736 34 34
齐 736 736 34 34
交 771 736 34 34
次 806 736 34 34
衣 1 771 34 34
产 36 771 34 34
决 71 771 34 34
充 106 771 34 34
妄 141 771 34 34
闭 176 771 34 34
问 211 771 34 34
闯 246 771 34 34
羊 281 771 34 34
并 316 771 34 34
关 351 771 34 34
米 386 771 34 34
灯 421 771 34 34
州 456 771 34 34
汗 491 771 34 34
污 526 771 34 34
江 561 771 34 34
池 596 771 34 34
汤 631 771 34 34
忙 666 771 34 34
兴 701 771 34 34
宇 736 771 34 34
守 771 771 34 34
宅 806 771 34 34
字 1 806 34 34
安 36 806 34 34
讲 71 806 34 34
军 106 806 34 34
许 141 806 34 34
论 176 806 34 34
农 211 806 34 34
讽 246 806 34 34
设 281 806 34 34
访 316 806 34 34
寻 351 806 34 34
那 386 806 34 34
迅 421 806 34 34
尽 456 806 34 34
导 491 806 34 34
异 526 806 34 34
孙 561 806 34 34
阵 596 806 34 34
阳 631 806 34 34
收 666 806 34 34
阶 701 806 34 34
阴 736 806 34 34
防 771 806 34 34
奸 806 806 34 34
如 1 841 34 34
妇 36 841 34 34
好 71 841 34 34
她 106 841 34 34
妈 141 841 34 34
戏 176 841 34 34
羽 211 841 34 34
观 246 841 34 34
欢 281 841 34 34
买 316 841 34 34
红 351 841 34 34
纤 386 841 34 34
级 421 841 34 34
约 456 841 34 34
纪 491 841 34 34
驰 526 841 34 34
巡 561 841 34 34
寿 596 841 34 34
弄 631 841 34 34
麦 666 841 34 34
形 701 841 34 34
进 736 841 34 34
戒 771 841 34 34
吞 806 841 34 34
远 1 876 34 34
违 36 876 34 34
运 71 876 34 34
扶 106 876 34 34
抚 141 876 34 34
坛 176 876 34 34
技 211 876 34 34
坏 246 876 34 34
扰 281 876 34 34
拒 316 876 34 34
找 351 876 34 34
批 386 876 34 34
扯 421 876 34 34
址 456 876 34 34
走 491 876 34 34
抄 526 876 34 34
坝 561 876 34 34
贡 596 876 34 34
攻 631 876 34 34
赤 666 876 34 34
折 701 876 34 34
抓 736 876 34 34
扮 771 876 34 34
抢 806 876 34 34
孝 1 911 34 34
均 36 911 34 34
抛 71 911 34 34
投 106 911 34 34
坟 141 911 34 34
抗 176 911 34 34
坑 211 911 34 34
坊 246 911 34 34
抖 281 911 34 34
护 316 911 34 34
壳 351 911 34 34
志 386 911 34 34
扭 421 911 34 34
块 456 911 34 34
声 491 911 34 34
把 526 911 34 34
报 561 911 34 34
却 596 911 34 34
劫 631 911 34 34
芽 666 911 34 34
花 701 911 34 34
芹 736 911 34 34
芬 771 911 34 34
苍 806 911 34 34
芳 1 946 34 34
严 36 946 34 34
芦 71 946 34 34
劳 106 946 34 34
克 141 946 34 34
苏 176 946 34 34
杆 211 946 34 34
杠 246 946 34 34
杜 281 946 34 34
材 316 946 34 34
村 351 946 34 34
杏 386 946 34 34
极 421 946 34 34
李 456 946 34 34
杨 491 946 34 34
求 526 946 34 34
更 561 946 34 34
束 596 946 34 34
豆 631 946 34 34
两 666 946 34 34
丽 701 946 34 34
医 736 946 34 34
辰 771 946 34 34
励 806 946 34 34
否 1 981 34 34
还 36 981 34 34
歼 71 981 34 34
来 106 981 34 34
连 141 981 34 34
步 176 981 34 34
坚 211 981 34 34
旱 246 981 34 34
盯 281 981 34 34
呈 316 981 34 34
时 351 981 34 34
吴 386 981 34 34
助 421 981 34 34
县 456 981 34 34
里 491 981 34 34
呆 526 981 34 34
园 561 981 34 34
旷 596 981 34 34
围 631 981 34 34
呀 666 981 34 34
吨 701 981 34 34
足 736 981 34 34
邮 771 981 34 34
男 806 981 34 34
困 1 1016 34 34
吵 36 1016 34 34
串 71 1016 34 34
员 106 1016 34 34
听 141 1016 34 34
吩 176 1016 34 34
吹 211 1016 34 34
呜 246 1016 34 34
吧 281 1016 34 34
吼 316 1016 34 34
别 351 1016 34 34
岗 386 1016 34 34
帐 421 1016 34 34
财 456 1016 34 34
针 491 1016 34 34
钉 526 1016 34 34
告 561 1016 34 34
我 596 1016 34 34
乱 631 1016 34 34
利 666 1016 34 34
秃 701 1016 34 34
秀 736 1016 34 34
私 771 1016 34 34
每 806 1016 34 34
兵 1 1051 34 34
估 36 1051 34 34
体 71 1051 34 34
何 106 1051 34 34
但 141 1051 34 34
伸 176 1051 34 34
作 211 1051 34 34
伯 246 1051 34 34
伶 281 1051 34 34
佣 316 1051 34 34
低 351 1051 34 34
你 386 1051 34 34
住 421 1051 34 34
位 456 1051 34 34
伴 491 1051 34 34
身 526 1051 34 34
皂 561 1051 34 34
佛 596 1051 34 34
近 631 1051 34 34
彻 666 1051 34 34
役 701 1051 34 34
返 736 1051 34 34
余 771 1051 34 34
希 806 1051 34 34
坐 1 1086 34 34
谷 36 1086 34 34
妥 71 1086 34 34
含 106 1086 34 34
邻 141 1086 34 34
岔 176 1086 34 34
肝 211 1086 34 34
肚 246 1086 34 34
肠 281 1086 34 34
龟 316 1086 34 34
免 351 1086 34 34
狂 386 1086 34 34
犹 421 1086 34 34
角 456 1086 34 34
删 491 1086 34 34
条 526 1086 34 34
卵 561 1086 34 34
岛 596 1086 34 34
迎 631 1086 34 34
饭 666 1086 34 34
饮 701 1086 34 34
系 736 1086 34 34
言 771 1086 34 34
冻 806 1086 34 34
状 1 1121 34 34
亩 36 1121 34 34
况 71 1121 34 34
床 106 1121 34 34
库 141 1121 34 34
疗 176 1121 34 34
应 211 1121 34 34
冷 246 1121 34 34
这 281 1121 34 34
序 316 1121 34 34
辛 351 1121 34 34
弃 386 1121 34 34
冶 421 1121 34 34
忘 456 1121 34 34
闲 491 1121 34 34
间 526 1121 34 34
闷 561 1121 34 34
判 596 1121 34 34
灶 631 1121 34 34
灿 666 1121 34 34
弟 701 1121 34 34
汪 736 1121 34 34
沙 771 1121 34 34
汽 806 1121 34 34
沃 1 1156 34 34
泛 36 1156 34 34
沟 71 1156 34 34
没 106 1156 34 34
沈 141 1156 34 34
沉 176 1156 34 34
怀 211 1156 34 34
忧 246 1156 34 34
快 281 1156 34 34
完 316 1156 34 34
宋 351 1156 34 34
宏 386 1156 34 34
牢 421 1156 34 34
究 456 1156 34 34
穷 491 1156 34 34
灾 526 1156 34 34
良 561 1156 34 34
证 596 1156 34 34
启 631 1156 34 34
评 666 1156 34 34
补 701 1156 34 34
初 736 1156 34 34
社 771 1156 34 34
识 806 1156 34 34
诉 1 1191 34 34
诊 36 1191 34 34
词 71 1191 34 34
译 106 1191 34 34
君 141 1191 34 34
灵 176 1191 34 34
即 211 1191 34 34
层 246 1191 34 34
尿 281 1191 34 34
尾 316 1191 34 34
迟 351 1191 34 34
局 386 1191 34 34
改 421 1191 34 34
张 456 1191 34 34
忌 491 1191 34 34
际 526 1191 34 34
陆 561 1191 34 34
阿 596 1191 34 34
陈 631 1191 34 34
阻 666 1191 34 34
附 701 1191 34 34
妙 736 1191 34 34
妖 771 1191 34 34
妨 806 1191 34 34
努 1 1226 34 34
忍 36 1226 34 34
劲 71 1226 34 34
鸡 106 1226 34 34
驱 141 1226 34 34
纯 176 1226 34 34
纱 211 1226 34 34
纳 246 1226 34 34
纲 281 1226 34 34
驳 316 1226 34 34
纵 351 1226 34 34
纷 386 1226 34 34
纸 421 1226 34 34
纹 456 1226 34 34
纺 491 1226 34 34
驴 526 1226 34 34
纽 561 1226 34 34
奉 596 1226 34 34
玩 631 1226 34 34
环 666 1226 34 34
武 701 1226 34 34
青 736 1226 34 34
责 771 1226 34 34
现 806 1226 34 34
表 1 1261 34 34
规 36 1261 34 34
抹 71 1261 34 34
拢 106 1261 34 34
拔 141 1261 34 34
拣 176 1261 34 34
担 211 1261 34 34
坦 246 1261 34 34
押 281 1261 34 34
抽 316 1261 34 34
拐 351 1261 34 34
拖 386 1261 34 34
拍 421 1261 34 34
者 456 1261 34 34
顶 491 1261 34 34
拆 526 1261 34 34
拥 561 1261 34 34
抵 596 1261 34 34
拘 631 1261 34 34
势 666 1261 34 34
抱 701 1261 34 34
垃 736 1261 34 34
拉 771 1261 34 34
拦 806 1261 34 34
拌 1 1296 34 34
幸 36 1296 34 34
招 71 1296 34 34
坡 106 1296 34 34
披 141 1296 34 34
拨 176 1296 34 34
择 211 1296 34 34
抬 246 1296 34 34
其 281 1296 34 34
取 316 1296 34 34
苦 351 1296 34 34
若 386 1296 34 34
茂 421 1296 34 34
苹 456 1296 34 34
苗 491 1296 34 34
英 526 1296 34 34
范 561 1296 34 34
直 596 1296 34 34
茄 631 1296 34 34
茎 666 1296 34 34
茅 701 1296 34 34
林 736 1296 34 34
枝 771 1296 34 34
杯 806 1296 34 34
柜 1 1331 34 34
析 36 1331 34 34
板 71 1331 34 34
松 106 1331 34 34
枪 141 1331 34 34
构 176 1331 34 34
杰 211 1331 34 34
述 246 1331 34 34
枕 281 1331 34 34
丧 316 1331 34 34
或 351 1331 34 34
画 386 1331 34 34
卧 421 1331 34 34
事 456 1331 34 34
刺 491 1331 34 34
枣 526 1331 34 34
雨 561 1331 34 34
卖 596 1331 34 34
矿 631 1331 34 34
码 666 1331 34 34
厕 701 1331 34 34
奔 736 1331 34 34
奇 771 1331 34 34
奋 806 1331 34 34
态 1 1366 34 34
欧 36 1366 34 34
垄 71 1366 34 34
妻 106 1366 34 34
轰 141 1366 34 34
顷 176 1366 34 34
转 211 1366 34 34
斩 246 1366 34 34
轮 281 1366 34 34
软 316 1366 34 34
到 351 1366 34 34
非 386 1366 34 34
叔 421 1366 34 34
肯 456 1366 34 34
齿 491 1366 34 34
些 526 1366 34 34
虎 561 1366 34 34
虏 596 1366 34 34
肾 631 1366 34 34
贤 666 1366 34 34
尚 701 1366 34 34
旺 736 1366 34 34
具 771 1366 34 34
果 806 1366 34 34
味 1 1401 34 34
昆 36 1401 34 34
国 71 1401 34 34
昌 106 1401 34 34
畅 141 1401 34 34
明 176 1401 34 34
易 211 1401 34 34
昂 246 1401 34 34
典 281 1401 34 34
固 316 1401 34 34
忠 351 1401 34 34
咐 386 1401 34 34
呼 421 1401 34 34
鸣 456 1401 34 34
咏 491 1401 34 34
呢 526 1401 34 34
岸 561 1401 34 34
岩 596 1401 34 34
帖 631 1401 34 34
罗 666 1401 34 34
帜 701 1401 34 34
岭 736 1401 34 34
凯 771 1401 34 34
败 806 1401 34 34
贩 1 1436 34 34
购 36 1436 34 34
图 71 1436 34 34
钓 106 1436 34 34
制 141 1436 34 34
知 176 1436 34 34
垂 211 1436 34 34
牧 246 1436 34 34
物 281 1436 34 34
乖 316 1436 34 34
刮 351 1436 34 34
秆 386 1436 34 34
和 421 1436 34 34
季 456 1436 34 34
委 491 1436 34 34
佳 526 1436 34 34
侍 561 1436 34 34
供 596 1436 34 34
使 631 1436 34 34
例 666 1436 34 34
版 701 1436 34 34
侄 736 1436 34 34
侦 771 1436 34 34
侧 806 1436 34 34
凭 1 1471 34 34
侨 36 1471 34 34
佩 71 1471 34 34
货 106 1471 34 34
依 141 1471 34 34
的 176 1471 34 34
迫 211 1471 34 34
质 246 1471 34 34
欣 281 1471 34 34
征 316 1471 34 34
往 351 1471 34 34
爬 386 1471 34 34
彼 421 1471 34 34
径 456 1471 34 34
所 491 1471 34 34
舍 526 1471 34 34
金 561 1471 34 34
命 596 1471 34 34
斧 631 1471 34 34
爸 666 1471 34 34
采 701 1471 34 34
受 736 1471 34 34
乳 771 1471 34 34
贪 806 1471 34 34
念 1 1506 34 34
贫 36 1506 34 34
肤 71 1506 34 34
肺 106 1506 34 34
肢 141 1506 34 34
肿 176 1506 34 34
胀 211 1506 34 34
朋 246 1506 34 34
股 281 1506 34 34
肥 316 1506 34 34
服 351 1506 34 34
胁 386 1506 34 34
周 421 1506 34 34
昏 456 1506 34 34
鱼 491 1506 34 34
兔 526 1506 34 34
狐 561 1506 34 34
忽 596 1506 34 34
狗 631 1506 34 34
备 666 1506 34 34
饰 701 1506 34 34
饱 736 1506 34 34
饲 771 1506 34 34
变 806 1506 34 34
京 1 1541 34 34
享 36 1541 34 34
店 71 1541 34 34
夜 106 1541 34 34
庙 141 1541 34 34
府 176 1541 34 34
底 211 1541 34 34
剂 246 1541 34 34
郊 281 1541 34 34
废 316 1541 34 34
净 351 1541 34 34
盲 386 1541 34 34
放 421 1541 34 34
刻 456 1541 34 34
育 491 1541 34 34
闸 526 1541 34 34
闹 561 1541 34 34
郑 596 1541 34 34
券 631 1541 34 34
卷 666 1541 34 34
单 701 1541 34 34
炒 736 1541 34 34
炊 771 1541 34 34
炕 806 1541 34 34
炎 1 1576 34 34
炉 36 1576 34 34
沫 71 1576 34 34
浅 106 1576 34 34
法 141 1576 34 34
泄 176 1576 34 34
河 211 1576 34 34
沾 246 1576 34 34
泪 281 1576 34 34
油 316 1576 34 34
泊 351 1576 34 34
沿 386 1576 34 34
泡 421 1576 34 34
注 456 1576 34 34
泻 491 1576 34 34
泳 526 1576 34 34
泥 561 1576 34 34
沸 596 1576 34 34
波 631 1576 34 34
泼 666 1576 34 34
泽 701 1576 34 34
治 736 1576 34 34
怖 771 1576 34 34
性 806 1576 34 34
怕 1 1611 34 34
怜 36 1611 34 34
怪 71 1611 34 34
学 106 1611 34 34
宝 141 1611 34 34
宗 176 1611 34 34
定 211 1611 34 34
宜 246 1611 34 34
审 281 1611 34 34
宙 316 1611 34 34
官 351 1611 34 34
空 386 1611 34 34
帘 421 1611 34 34
实 456 1611 34 34
试 491 1611 34 34
郎 526 1611 34 34
诗 561 1611 34 34
肩 596 1611 34 34
房 631 1611 34 34
诚 666 1611 34 34
衬 701 1611 34 34
衫 736 1611 34 34
视 771 1611 34 34
话 806 1611 34 34
诞 1 1646 34 34
询 36 1646 34 34
该 71 1646 34 34
详 106 1646 34 34
建 141 1646 34 34
肃 176 1646 34 34
录 211 1646 34 34
隶 246 1646 34 34
居 281 1646 34 34
届 316 1646 34 34
刷 351 1646 34 34
屈 386 1646 34 34
弦 421 1646 34 34
承 456 1646 34 34
孟 491 1646 34 34
孤 526 1646 34 34
陕 561 1646 34 34
降 596 1646 34 34
限 631 1646 34 34
妹 666 1646 34 34
姑 701 1646 34 34
姐 736 1646 34 34
姓 771 1646 34 34
始 806 1646 34 34
驾 1 1681 34 34
参 36 1681 34 34
艰 71 1681 34 34
线 106 1681 34 34
练 141 1681 34 34
组 176 1681 34 34
细 211 1681 34 34
驶 246 1681 34 34
织 281 1681 34 34
终 316 1681 34 34
驻 351 1681 34 34
驼 386 1681 34 34
绍 421 1681 34 34
经 456 1681 34 34
贯 491 1681 34 34
奏 526 1681 34 34
春 561 1681 34 34
帮 596 1681 34 34
珍 631 1681 34 34
玻 666 1681 34 34
毒 701 1681 34 34
型 736 1681 34 34
挂 771 1681 34 34
封 806 1681 34 34
持 1 1716 34 34
项 36 1716 34 34
垮 71 1716 34 34
挎 106 1716 34 34
城 141 1716 34 34
挠 176 1716 34 34
政 211 1716 34 34
赴 246 1716 34 34
赵 281 1716 34 34
挡 316 1716 34 34
挺 351 1716 34 34
括 386 1716 34 34
拴 421 1716 34 34
拾 456 1716 34 34
挑 491 1716 34 34
指 526 1716 34 34
垫 561 1716 34 34
挣 596 1716 34 34
挤 631 1716 34 34
拼 666 1716 34 34
挖 701 1716 34 34
按 736 1716 34 34
挥 771 1716 34 34
挪 806 1716 34 34
某 1 1751 34 34
甚 36 1751 34 34
革 71 1751 34 34
荐 106 1751 34 34
巷 141 1751 34 34
带 176 1751 34 34
草 211 1751 34 34
茧 246 1751 34 34
茶 281 1751 34 34
荒 316 1751 34 34
茫 351 1751 34 34
荡 386 1751 34 34
荣 421 1751 34 34
故 456 1751 34 34
胡 491 1751 34 34
南 526 1751 34 34
药 561 1751 34 34
标 596 1751 34 34
枯 631 1751 34 34
柄 666 1751 34 34
栋 701 1751 34 34
相 736 1751 34 34
查 771 1751 34 34
柏 806 1751 34 34
柳 1 1786 34 34
柱 36 1786 34 34
柿 71 1786 34 34
栏 106 1786 34 34
树 141 1786 34 34
要 176 1786 34 34
咸 211 1786 34 34
威 246 1786 34 34
歪 281 1786 34 34
研 316 1786 34 34
砖 351 1786 34 34
厘 386 1786 34 34
厚 421 1786 34 34
砌 456 1786 34 34
砍 491 1786 34 34
面 526 1786 34 34
耐 561 1786 34 34
耍 596 1786 34 34
牵 631 1786 34 34
残 666 1786 34 34
殃 701 1786 34 34
轻 736 1786 34 34
鸦 771 1786 34 34
皆 806 1786 34 34
背 1 1821 34 34
战 36 1821 34 34
点 71 1821 34 34
临 106 1821 34 34
览 141 1821 34 34
竖 176 1821 34 34
省 211 1821 34 34
削 246 1821 34 34
尝 281 1821 34 34
是 316 1821 34 34
盼 351 1821 34 34
眨 386 1821 34 34
哄 421 1821 34 34
显 456 1821 34 34
哑 491 1821 34 34
冒 526 1821 34 34
映 561 1821 34 34
星 596 1821 34 34
昨 631 1821 34 34
畏 666 1821 34 34
趴 701 1821 34 34
胃 736 1821 34 34
贵 771 1821 34 34
界 806 1821 34 34
虹 1 1856 34 34
虾 36 1856 34 34
蚁 71 1856 34 34
思 106 1856 34 34
蚂 141 1856 34 34
虽 176 1856 34 34
品 211 1856 34 34
咽 246 1856 34 34
骂 281 1856 34 34
哗 316 1856 34 34
咱 351 1856 34 34
响 386 1856 34 34
哈 421 1856 34 34
咬 456 1856 34 34
咳 491 1856 34 34
哪 526 1856 34 34
炭 561 1856 34 34
峡 596 1856 34 34
罚 631 1856 34 34
贱 666 1856 34 34
贴 701 1856 34 34
骨 736 1856 34 34
钞 771 1856 34 34
钟 806 1856 34 34
钢 1 1891 34 34
钥 36 1891 34 34
钩 71 1891 34 34
卸 106 1891 34 34
缸 141 1891 34 34
拜 176 1891 34 34
看 211 1891 34 34
矩 246 1891 34 34
怎 281 1891 34 34
牲 316 1891 34 34
选 351 1891 34 34
适 386 1891 34 34
秒 421 1891 34 34
香 456 1891 34 34
种 491 1891 34 34
秋 526 1891 34 34
科 561 1891 34 34
重 596 1891 34 34
复 631 1891 34 34
竿 666 1891 34 34
段 701 1891 34 34
便 736 1891 34 34
俩 771 1891 34 34
贷 806 1891 34 34
顺 1 1926 34 34
修 36 1926 34 34
保 71 1926 34 34
促 106 1926 34 34
侮 141 1926 34 34
俭 176 1926 34 34
俗 211 1926 34 34
俘 246 1926 34 34
信 281 1926 34 34
皇 316 1926 34 34
泉 351 1926 34 34
鬼 386 1926 34 34
侵 421 1926 34 34
追 456 1926 34 34
俊 491 1926 34 34
盾 526 1926 34 34
待 561 1926 34 34
律 596 1926 34 34
很 631 1926 34 34
须 666 1926 34 34
叙 701 1926 34 34
剑 736 1926 34 34
逃 771 1926 34 34
食 806 1926 34 34
盆 1 1961 34 34
胆 36 1961 34 34
胜 71 1961 34 34
胞 106 1961 34 34
胖 141 1961 34 34
脉 176 1961 34 34
勉 211 1961 34 34
狭 246 1961 34 34
狮 281 1961 34 34
独 316 1961 34 34
狡 351 1961 34 34
狱 386 1961 34 34
狠 421 1961 34 34
贸 456 1961 34 34
怨 491 1961 34 34
急 526 1961 34 34
饶 561 1961 34 34
蚀 596 1961 34 34
饺 631 1961 34 34
饼 666 1961 34 34
弯 701 1961 34 34
将 736 1961 34 34
奖 771 1961 34 34
哀 806 1961 34 34
亭 1 1996 34 34
亮 36 1996 34 34
度 71 1996 34 34
迹 106 1996 34 34
庭 141 1996 34 34
疮 176 1996 34 34
疯 211 1996 34 34
疫 246 1996 34 34
疤 281 1996 34 34
姿 316 1996 34 34
亲 351 1996 34 34
音 386 1996 34 34
帝 421 1996 34 34
施 456 1996 34 34
闻 491 1996 34 34
阀 526 1996 34 34
阁 561 1996 34 34
差 596 1996 34 34
养 631 1996 34 34
美 666 1996 34 34
姜 701 1996 34 34
叛 736 1996 34 34
送 771 1996 34 34
类 806 1996 34 34
迷 1 2031 34 34
前 36 2031 34 34
首 71 2031 34 34
逆 106 2031 34 34
总 141 2031 34 34
炼 176 2031 34 34
炸 211 2031 34 34
炮 246 2031 34 34
烂 281 2031 34 34
剃 316 2031 34 34
洁 351 2031 34 34
洪 386 2031 34 34
洒 421 2031 34 34
浇 456 2031 34 34
浊 491 2031 34 34
洞 526 2031 34 34
测 561 2031 34 34
洗 596 2031 34 34
活 631 2031 34 34
派 666 2031 34 34
洽 701 2031 34 34
染 736 2031 34 34
济 771 2031 34 34
洋 806 2031 34 34
洲 1 2066 34 34
浑 36 2066 34 34
浓 71 2066 34 34
津 106 2066 34 34
恒 141 2066 34 34
恢 176 2066 34 34
恰 211 2066 34 34
恼 246 2066 34 34
恨 281 2066 34 34
举 316 2066 34 34
觉 351 2066 34 34
宣 386 2066 34 34
室 421 2066 34 34
宫 456 2066 34 34
宪 491 2066 34 34
突 526 2066 34 34
穿 561 2066 34 34
窃 596 2066 34 34
客 631 2066 34 34
冠 666 2066 34 34
语 701 2066 34 34
扁 736 2066 34 34
袄 771 2066 34 34
祖 806 2066 34 34
神 1 2101 34 34
祝 36 2101 34 34
误 71 2101 34 34
诱 106 2101 34 34
说 141 2101 34 34
诵 176 2101 34 34
垦 211 2101 34 34
退 246 2101 34 34
既 281 2101 34 34
屋 316 2101 34 34
昼 351 2101 34 34
费 386 2101 34 34
陡 421 2101 34 34
眉 456 2101 34 34
孩 491 2101 34 34
除 526 2101 34 34
险 561 2101 34 34
院 596 2101 34 34
娃 631 2101 34 34
姥 666 2101 34 34
姨 701 2101 34 34
姻 736 2101 34 34
娇 771 2101 34 34
怒 806 2101 34 34
架 1 2136 34 34
贺 36 2136 34 34
盈 71 2136 34 34
勇 106 2136 34 34
怠 141 2136 34 34
柔 176 2136 34 34
垒 211 2136 34 34
绑 246 2136 34 34
绒 281 2136 34 34
结 316 2136 34 34
绕 351 2136 34 34
骄 386 2136 34 34
绘 421 2136 34 34
给 456 2136 34 34
络 491 2136 34 34
骆 526 2136 34 34
绝 561 2136 34 34
绞 596 2136 34 34
统 631 2136 34 34
耕 666 2136 34 34
耗 701 2136 34 34
艳 736 2136 34 34
泰 771 2136 34 34
珠 806 2136 34 34
班 1 2171 34 34
素 36 2171 34 34
蚕 71 2171 34 34
顽 106 2171 34 34
盏 141 2171 34 34
匪 176 2171 34 34
捞 211 2171 34 34
栽 246 2171 34 34
捕 281 2171 34 34
振 316 2171 34 34
载 351 2171 34 34
赶 386 2171 34 34
起 421 2171 34 34
盐 456 2171 34 34
捎 491 2171 34 34
捏 526 2171 34 34
埋 561 2171 34 34
捉 596 2171 34 34
捆 631 2171 34 34
捐 666 2171 34 34
损 701 2171 34 34
都 736 2171 34 34
哲 771 2171 34 34
逝 806 2171 34 34
捡 1 2206 34 34
换 36 2206 34 34
挽 71 2206 34 34
热 106 2206 34 34
恐 141 2206 34 34
壶 176 2206 34 34
挨 211 2206 34 34
耻 246 2206 34 34
耽 281 2206 34 34
恭 316 2206 34 34
莲 351 2206 34 34
莫 386 2206 34 34
荷 421 2206 34 34
获 456 2206 34 34
晋 491 2206 34 34
恶 526 2206 34 34
真 561 2206 34 34
框 596 2206 34 34
桂 631 2206 34 34
档 666 2206 34 34
桐 701 2206 34 34
株 736 2206 34 34
桥 771 2206 34 34
桃 806 2206 34 34
格 1 2241 34 34
校 36 2241 34 34
核 71 2241 34 34
样 106 2241 34 34
根 141 2241 34 34
索 176 2241 34 34
哥 211 2241 34 34
速 246 2241 34 34
逗 281 2241 34 34
栗 316 2241 34 34
配 351 2241 34 34
翅 386 2241 34 34
辱 421 2241 34 34
唇 456 2241 34 34
夏 491 2241 34 34
础 526 2241 34 34
破 561 2241 34 34
原 596 2241 34 34
套 631 2241 34 34
逐 666 2241 34 34
烈 701 2241 34 34
殊 736 2241 34 34
顾 771 2241 34 34
轿 806 2241 34 34
较 1 2276 34 34
顿 36 2276 34 34
毙 71 2276 34 34
致 106 2276 34 34
柴 141 2276 34 34
桌 176 2276 34 34
虑 211 2276 34 34
监 246 2276 34 34
紧 281 2276 34 34
党 316 2276 34 34
晒 351 2276 34 34
眠 386 2276 34 34
晓 421 2276 34 34
鸭 456 2276 34 34
晃 491 2276 34 34
晌 526 2276 34 34
晕 561 2276 34 34
蚊 596 2276 34 34
哨 631 2276 34 34
哭 666 2276 34 34
恩 701 2276 34 34
唤 736 2276 34 34
啊 771 2276 34 34
唉 806 2276 34 34
罢 1 2311 34 34
峰 36 2311 34 34
圆 71 2311 34 34
贼 106 2311 34 34
贿 141 2311 34 34
钱 176 2311 34 34
钳 211 2311 34 34
钻 246 2311 34 34
铁 281 2311 34 34
铃 316 2311 34 34
铅 351 2311 34 34
缺 386 2311 34 34
氧 421 2311 34 34
特 456 2311 34 34
牺 491 2311 34 34
造 526 2311 34 34
乘 561 2311 34 34
敌 596 2311 34 34
秤 631 2311 34 34
租 666 2311 34 34
积 701 2311 34 34
秧 736 2311 34 34
秩 771 2311 34 34
称 806 2311 34 34
秘 1 2346 34 34
透 36 2346 34 34
笔 71 2346 34 34
笑 106 2346 34 34
笋 141 2346 34 34
债 176 2346 34 34
借 211 2346 34 34
值 246 2346 34 34
倚 281 2346 34 34
倾 316 2346 34 34
倒 351 2346 34 34
倘 386 2346 34 34
俱 421 2346 34 34
倡 456 2346 34 34
候 491 2346 34 34
俯 526 2346 34 34
倍 561 2346 34 34
倦 596 2346 34 34
健 631 2346 34 34
臭 666 2346 34 34
射 701 2346 34 34
躬 736 2346 34 34
息 771 2346 34 34
徒 806 2346 34 34
徐 1 2381 34 34
舰 36 2381 34 34
舱 71 2381 34 34
般 106 2381 34 34
航 141 2381 34 34
途 176 2381 34 34
拿 211 2381 34 34
爹 246 2381 34 34
爱 281 2381 34 34
颂 316 2381 34 34
翁 351 2381 34 34
脆 386 2381 34 34
脂 421 2381 34 34
胸 456 2381 34 34
胳 491 2381 34 34
脏 526 2381 34 34
胶 561 2381 34 34
脑 596 2381 34 34
狸 631 2381 34 34
狼 666 2381 34 34
逢 701 2381 34 34
留 736 2381 34 34
皱 771 2381 34 34
饿 806 2381 34 34
恋 1 2416 34 34
桨 36 2416 34 34
浆 71 2416 34 34
衰 106 2416 34 34
高 141 2416 34 34
席 176 2416 34 34
准 211 2416 34 34
座 246 2416 34 34
脊 281 2416 34 34
症 316 2416 34 34
病 351 2416 34 34
疾 386 2416 34 34
疼 421 2416 34 34
疲 456 2416 34 34
效 491 2416 34 34
离 526 2416 34 34
唐 561 2416 34 34
资 596 2416 34 34
凉 631 2416 34 34
站 666 2416 34 34
剖 701 2416 34 34
竞 736 2416 34 34
部 771 2416 34 34
旁 806 2416 34 34
旅 1 2451 34 34
畜 36 2451 34 34
阅 71 2451 34 34
羞 106 2451 34 34
瓶 141 2451 34 34
拳 176 2451 34 34
粉 211 2451 34 34
料 246 2451 34 34
益 281 2451 34 34
兼 316 2451 34 34
烤 351 2451 34 34
烘 386 2451 34 34
烦 421 2451 34 34
烧 456 2451 34 34
烛 491 2451 34 34
烟 526 2451 34 34
递 561 2451 34 34
涛 596 2451 34 34
浙 631 2451 34 34
涝 666 2451 34 34
酒 701 2451 34 34
涉 736 2451 34 34
消 771 2451 34 34
浩 806 2451 34 34
海 1 2486 34 34
涂 36 2486 34 34
浴 71 2486 34 34
浮 106 2486 34 34
流 141 2486 34 34
润 176 2486 34 34
浪 211 2486 34 34
浸 246 2486 34 34
涨 281 2486 34 34
烫 316 2486 34 34
涌 351 2486 34 34
悟 386 2486 34 34
悄 421 2486 34 34
悔 456 2486 34 34
悦 491 2486 34 34
害 526 2486 34 34
宽 561 2486 34 34
家 596 2486 34 34
宵 631 2486 34 34
宴 666 2486 34 34
宾 701 2486 34 34
窄 736 2486 34 34
容 771 2486 34 34
宰 806 2486 34 34
案 1 2521 34 34
请 36 2521 34 34
朗 71 2521 34 34
诸 106 2521 34 34
读 141 2521 34 34
扇 176 2521 34 34
袜 211 2521 34 34
袖 246 2521 34 34
袍 281 2521 34 34
被 316 2521 34 34
祥 351 2521 34 34
课 386 2521 34 34
谁 421 2521 34 34
调 456 2521 34 34
冤 491 2521 34 34
谅 526 2521 34 34
谈 561 2521 34 34
谊 596 2521 34 34
剥 631 2521 34 34
恳 666 2521 34 34
展 701 2521 34 34
剧 736 2521 34 34
屑 771 2521 34 34
弱 806 2521 34 34
陵 1 2556 34 34
陶 36 2556 34 34
陷 71 2556 34 34
陪 106 2556 34 34
娱 141 2556 34 34
娘 176 2556 34 34
通 211 2556 34 34
能 246 2556 34 34
难 281 2556 34 34
预 316 2556 34 34
桑 351 2556 34 34
绢 386 2556 34 34
绣 421 2556 34 34
验 456 2556 34 34
继 491 2556 34 34
球 526 2556 34 34
理 561 2556 34 34
捧 596 2556 34 34
堵 631 2556 34 34
描 666 2556 34 34
域 701 2556 34 34
掩 736 2556 34 34
捷 771 2556 34 34
排 806 2556 34 34
掉 1 2591 34 34
堆 36 2591 34 34
推 71 2591 34 34
掀 106 2591 34 34
授 141 2591 34 34
教 176 2591 34 34
掏 211 2591 34 34
掠 246 2591 34 34
培 281 2591 34 34
接 316 2591 34 34
控 351 2591 34 34
探 386 2591 34 34
据 421 2591 34 34
掘 456 2591 34 34
职 491 2591 34 34
基 526 2591 34 34
著 561 2591 34 34
勒 596 2591 34 34
黄 631 2591 34 34
萌 666 2591 34 34
萝 701 2591 34 34
菌 736 2591 34 34
菜 771 2591 34 34
萄 806 2591 34 34
菊 1 2626 34 34
萍 36 2626 34 34
菠 71 2626 34 34
营 106 2626 34 34
械 141 2626 34 34
梦 176 2626 34 34
梢 211 2626 34 34
梅 246 2626 34 34
检 281 2626 34 34
梳 316 2626 34 34
梯 351 2626 34 34
桶 386 2626 34 34
救 421 2626 34 34
副 456 2626 34 34
票 491 2626 34 34
戚 526 2626 34 34
爽 561 2626 34 34
聋 596 2626 34 34
袭 631 2626 34 34
盛 666 2626 34 34
雪 701 2626 34 34
辅 736 2626 34 34
辆 771 2626 34 34
虚 806 2626 34 34
雀 1 2661 34 34
堂 36 2661 34 34
常 71 2661 34 34
匙 106 2661 34 34
晨 141 2661 34 34
睁 176 2661 34 34
眯 211 2661 34 34
眼 246 2661 34 34
悬 281 2661 34 34
野 316 2661 34 34
啦 351 2661 34 34
晚 386 2661 34 34
啄 421 2661 34 34
距 456 2661 34 34
跃 491 2661 34 34
略 526 2661 34 34
蛇 561 2661 34 34
累 596 2661 34 34
唱 631 2661 34 34
患 666 2661 34 34
唯 701 2661 34 34
崖 736 2661 34 34
崭 771 2661 34 34
崇 806 2661 34 34
圈 1 2696 34 34
铜 36 2696 34 34
铲 71 2696 34 34
银 106 2696 34 34
甜 141 2696 34 34
梨 176 2696 34 34
犁 211 2696 34 34
移 246 2696 34 34
笨 281 2696 34 34
笼 316 2696 34 34
笛 351 2696 34 34
符 386 2696 34 34
第 421 2696 34 34
敏 456 2696 34 34
做 491 2696 34 34
袋 526 2696 34 34
悠 561 2696 34 34
偿 596 2696 34 34
偶 631 2696 34 34
偷 666 2696 34 34
您 701 2696 34 34
售 736 2696 34 34
停 771 2696 34 34
偏 806 2696 34 34
假 1 2731 34 34
得 36 2731 34 34
衔 71 2731 34 34
盘 106 2731 34 34
船 141 2731 34 34
斜 176 2731 34 34
盒 211 2731 34 34
鸽 246 2731 34 34
悉 281 2731 34 34
欲 316 2731 34 34
彩 351 2731 34 34
领 386 2731 34 34
脚 421 2731 34 34
脖 456 2731 34 34
脸 491 2731 34 34
脱 526 2731 34 34
象 561 2731 34 34
够 596 2731 34 34
猜 631 2731 34 34
猪 666 2731 34 34
猎 701 2731 34 34
猫 736 2731 34 34
猛 771 2731 34 34
馅 806 2731 34 34
馆 1 2766 34 34
凑 36 2766 34 34
减 71 2766 34 34
毫 106 2766 34 34
麻 141 2766 34 34
痒 176 2766 34 34
痕 211 2766 34 34
廊 246 2766 34 34
康 281 2766 34 34
庸 316 2766 34 34
鹿 351 2766 34 34
盗 386 2766 34 34
章 421 2766 34 34
竟 456 2766 34 34
商 491 2766 34 34
族 526 2766 34 34
旋 561 2766 34 34
望 596 2766 34 34
率 631 2766 34 34
着 666 2766 34 34
盖 701 2766 34 34
粘 736 2766 34 34
粗 771 2766 34 34
粒 806 2766 34 34
断 1 2801 34 34
剪 36 2801 34 34
兽 71 2801 34 34
清 106 2801 34 34
添 141 2801 34 34
淋 176 2801 34 34
淹 211 2801 34 34
渠 246 2801 34 34
渐 281 2801 34 34
混 316 2801 34 34
渔 351 2801 34 34
淘 386 2801 34 34
液 421 2801 34 34
淡 456 2801 34 34
深 491 2801 34 34
婆 526 2801 34 34
梁 561 2801 34 34
渗 596 2801 34 34
情 631 2801 34 34
惜 666 2801 34 34
惭 701 2801 34 34
悼 736 2801 34 34
惧 771 2801 34 34
惕 806 2801 34 34
惊 1 2836 34 34
惨 36 2836 34 34
惯 71 2836 34 34
寇 106 2836 34 34
寄 141 2836 34 34
宿 176 2836 34 34
窑 211 2836 34 34
密 246 2836 34 34
谋 281 2836 34 34
谎 316 2836 34 34
祸 351 2836 34 34
谜 386 2836 34 34
逮 421 2836 34 34
敢 456 2836 34 34
屠 491 2836 34 34
弹 526 2836 34 34
随 561 2836 34 34
蛋 596 2836 34 34
隆 631 2836 34 34
隐 666 2836 34 34
婚 701 2836 34 34
婶 736 2836 34 34
颈 771 2836 34 34
绩 806 2836 34 34
绪 1 2871 34 34
续 36 2871 34 34
骑 71 2871 34 34
绳 106 2871 34 34
维 141 2871 34 34
绵 176 2871 34 34
绸 211 2871 34 34
绿 246 2871 34 34
琴 281 2871 34 34
斑 316 2871 34 34
替 351 2871 34 34
款 386 2871 34 34
堪 421 2871 34 34
搭 456 2871 34 34
塔 491 2871 34 34
越 526 2871 34 34
趁 561 2871 34 34
趋 596 2871 34 34
超 631 2871 34 34
提 666 2871 34 34
堤 701 2871 34 34
博 736 2871 34 34
揭 771 2871 34 34
喜 806 2871 34 34
插 1 2906 34 34
揪 36 2906 34 34
搜 71 2906 34 34
煮 106 2906 34 34
援 141 2906 34 34
裁 176 2906 34 34
搁 211 2906 34 34
搂 246 2906 34 34
搅 281 2906 34 34
握 316 2906 34 34
揉 351 2906 34 34
斯 386 2906 34 34
期 421 2906 34 34
欺 456 2906 34 34
联 491 2906 34 34
散 526 2906 34 34
惹 561 2906 34 34
葬 596 2906 34 34
葛 631 2906 34 34
董 666 2906 34 34
葡 701 2906 34 34
敬 736 2906 34 34
葱 771 2906 34 34
落 806 2906 34 34
朝 1 2941 34 34
辜 36 2941 34 34
葵 71 2941 34 34
棒 106 2941 34 34
棋 141 2941 34 34
植 176 2941 34 34
森 211 2941 34 34
椅 246 2941 34 34
椒 281 2941 34 34
棵 316 2941 34 34
棍 351 2941 34 34
棉 386 2941 34 34
棚 421 2941 34 34
棕 456 2941 34 34
惠 491 2941 34 34
惑 526 2941 34 34
逼 561 2941 34 34
厨 596 2941 34 34
厦 631 2941 34 34
硬 666 2941 34 34
确 701 2941 34 34
雁 736 2941 34 34
殖 771 2941 34 34
裂 806 2941 34 34
雄 1 2976 34 34
暂 36 2976 34 34
雅 71 2976 34 34
辈 106 2976 34 34
悲 141 2976 34 34
紫 176 2976 34 34
辉 211 2976 34 34
敞 246 2976 34 34
赏 281 2976 34 34
掌 316 2976 34 34
晴 351 2976 34 34
暑 386 2976 34 34
最 421 2976 34 34
量 456 2976 34 34
喷 491 2976 34 34
晶 526 2976 34 34
喇 561 2976 34 34
遇 596 2976 34 34
喊 631 2976 34 34
景 666 2976 34 34
践 701 2976 34 34
跌 736 2976 34 34
跑 771 2976 34 34
遗 806 2976 34 34
蛙 1 3011 34 34
蛛 36 3011 34 34
蜓 71 3011 34 34
喝 106 3011 34 34
喂 141 3011 34 34
喘 176 3011 34 34
喉 211 3011 34 34
幅 246 3011 34 34
帽 281 3011 34 34
赌 316 3011 34 34
赔 351 3011 34 34
黑 386 3011 34 34
铸 421 3011 34 34
铺 456 3011 34 34
链 491 3011 34 34
销 526 3011 34 34
锁 561 3011 34 34
锄 596 3011 34 34
锅 631 3011 34 34
锈 666 3011 34 34
锋 701 3011 34 34
锐 736 3011 34 34
短 771 3011 34 34
智 806 3011 34 34
毯 1 3046 34 34
鹅 36 3046 34 34
剩 71 3046 34 34
稍 106 3046 34 34
程 141 3046 34 34
稀 176 3046 34 34
税 211 3046 34 34
筐 246 3046 34 34
等 281 3046 34 34
筑 316 3046 34 34
策 351 3046 34 34
筛 386 3046 34 34
筒 421 3046 34 34
答 456 3046 34 34
筋 491 3046 34 34
筝 526 3046 34 34
傲 561 3046 34 34
傅 596 3046 34 34
牌 631 3046 34 34
堡 666 3046 34 34
集 701 3046 34 34
焦 736 3046 34 34
傍 771 3046 34 34
储 806 3046 34 34
奥 1 3081 34 34
街 36 3081 34 34
惩 71 3081 34 34
御 106 3081 34 34
循 141 3081 34 34
艇 176 3081 34 34
舒 211 3081 34 34
番 246 3081 34 34
释 281 3081 34 34
禽 316 3081 34 34
腊 351 3081 34 34
脾 386 3081 34 34
腔 421 3081 34 34
鲁 456 3081 34 34
猾 491 3081 34 34
猴 526 3081 34 34
然 561 3081 34 34
馋 596 3081 34 34
装 631 3081 34 34
蛮 666 3081 34 34
就 701 3081 34 34
痛 736 3081 34 34
童 771 3081 34 34
阔 806 3081 34 34
善 1 3116 34 34
羡 36 3116 34 34
普 71 3116 34 34
粪 106 3116 34 34
尊 141 3116 34 34
道 176 3116 34 34
曾 211 3116 34 34
焰 246 3116 34 34
港 281 3116 34 34
湖 316 3116 34 34
渣 351 3116 34 34
湿 386 3116 34 34
温 421 3116 34 34
渴 456 3116 34 34
滑 491 3116 34 34
湾 526 3116 34 34
渡 561 3116 34 34
游 596 3116 34 34
滋 631 3116 34 34
溉 666 3116 34 34
愤 701 3116 34 34
慌 736 3116 34 34
惰 771 3116 34 34
愧 806 3116 34 34
愉 1 3151 34 34
慨 36 3151 34 34
割 71 3151 34 34
寒 106 3151 34 34
富 141 3151 34 34
窜 176 3151 34 34
窝 211 3151 34 34
窗 246 3151 34 34
遍 281 3151 34 34
裕 316 3151 34 34
裤 351 3151 34 34
裙 386 3151 34 34
谢 421 3151 34 34
谣 456 3151 34 34
谦 491 3151 34 34
属 526 3151 34 34
屡 561 3151 34 34
强 596 3151 34 34
粥 631 3151 34 34
疏 666 3151 34 34
隔 701 3151 34 34
隙 736 3151 34 34
絮 771 3151 34 34
嫂 806 3151 34 34
登 1 3186 34 34
缎 36 3186 34 34
缓 71 3186 34 34
编 106 3186 34 34
骗 141 3186 34 34
缘 176 3186 34 34
瑞 211 3186 34 34
魂 246 3186 34 34
肆 281 3186 34 34
摄 316 3186 34 34
摸 351 3186 34 34
填 386 3186 34 34
搏 421 3186 34 34
塌 456 3186 34 34
鼓 491 3186 34 34
摆 526 3186 34 34
携 561 3186 34 34
搬 596 3186 34 34
摇 631 3186 34 34
搞 666 3186 34 34
塘 701 3186 34 34
摊 736 3186 34 34
蒜 771 3186 34 34
勤 806 3186 34 34
鹊 1 3221 34 34
蓝 36 3221 34 34
墓 71 3221 34 34
幕 106 3221 34 34
蓬 141 3221 34 34
蓄 176 3221 34 34
蒙 211 3221 34 34
蒸 246 3221 34 34
献 281 3221 34 34
禁 316 3221 34 34
楚 351 3221 34 34
想 386 3221 34 34
槐 421 3221 34 34
榆 456 3221 34 34
楼 491 3221 34 34
概 526 3221 34 34
赖 561 3221 34 34
酬 596 3221 34 34
感 631 3221 34 34
碍 666 3221 34 34
碑 701 3221 34 34
碎 736 3221 34 34
碰 771 3221 34 34
碗 806 3221 34 34
碌 1 3256 34 34
雷 36 3256 34 34
零 71 3256 34 34
雾 106 3256 34 34
雹 141 3256 34 34
输 176 3256 34 34
督 211 3256 34 34
龄 246 3256 34 34
鉴 281 3256 34 34
睛 316 3256 34 34
睡 351 3256 34 34
睬 386 3256 34 34
鄙 421 3256 34 34
愚 456 3256 34 34
暖 491 3256 34 34
盟 526 3256 34 34
歇 561 3256 34 34
暗 596 3256 34 34
照 631 3256 34 34
跨 666 3256 34 34
跳 701 3256 34 34
跪 736 3256 34 34
路 771 3256 34 34
跟 806 3256 34 34
遣 1 3291 34 34
蛾 36 3291 34 34
蜂 71 3291 34 34
嗓 106 3291 34 34
置 141 3291 34 34
罪 176 3291 34 34
罩 211 3291 34 34
错 246 3291 34 34
锡 281 3291 34 34
锣 316 3291 34 34
锤 351 3291 34 34
锦 386 3291 34 34
键 421 3291 34 34
锯 456 3291 34 34
矮 491 3291 34 34
辞 526 3291 34 34
稠 561 3291 34 34
愁 596 3291 34 34
筹 631 3291 34 34
签 666 3291 34 34
简 701 3291 34 34
毁 736 3291 34 34
舅 771 3291 34 34
鼠 806 3291 34 34
催 1 3326 34 34
傻 36 3326 34 34
像 71 3326 34 34
躲 106 3326 34 34
微 141 3326 34 34
愈 176 3326 34 34
遥 211 3326 34 34
腰 246 3326 34 34
腥 281 3326 34 34
腹 316 3326 34 34
腾 351 3326 34 34
腿 386 3326 34 34
触 421 3326 34 34
解 456 3326 34 34
酱 491 3326 34 34
痰 526 3326 34 34
廉 561 3326 34 34
新 596 3326 34 34
韵 631 3326 34 34
意 666 3326 34 34
粮 701 3326 34 34
数 736 3326 34 34
煎 771 3326 34 34
塑 806 3326 34 34
慈 1 3361 34 34
煤 36 3361 34 34
煌 71 3361 34 34
满 106 3361 34 34
漠 141 3361 34 34
源 176 3361 34 34
滤 211 3361 34 34
滥 246 3361 34 34
滔 281 3361 34 34
溪 316 3361 34 34
溜 351 3361 34 34
滚 386 3361 34 34
滨 421 3361 34 34
粱 456 3361 34 34
滩 491 3361 34 34
慎 526 3361 34 34
誉 561 3361 34 34
塞 596 3361 34 34
谨 631 3361 34 34
福 666 3361 34 34
群 701 3361 34 34
殿 736 3361 34 34
辟 771 3361 34 34
障 806 3361 34 34
嫌 1 3396 34 34
嫁 36 3396 34 34
叠 71 3396 34 34
缝 106 3396 34 34
缠 141 3396 34 34
静 176 3396 34 34
碧 211 3396 34 34
璃 246 3396 34 34
墙 281 3396 34 34
撇 316 3396 34 34
嘉 351 3396 34 34
摧 386 3396 34 34
截 421 3396 34 34
誓 456 3396 34 34
境 491 3396 34 34
摘 526 3396 34 34
摔 561 3396 34 34
聚 596 3396 34 34
蔽 631 3396 34 34
慕 666 3396 34 34
暮 701 3396 34 34
蔑 736 3396 34 34
模 771 3396 34 34
榴 806 3396 34 34
榜 1 3431 34 34
榨 36 3431 34 34
歌 71 3431 34 34
遭 106 3431 34 34
酷 141 3431 34 34
酿 176 3431 34 34
酸 211 3431 34 34
磁 246 3431 34 34
愿 281 3431 34 34
需 316 3431 34 34
弊 351 3431 34 34
裳 386 3431 34 34
颗 421 3431 34 34
嗽 456 3431 34 34
蜻 491 3431 34 34
蜡 526 3431 34 34
蝇 561 3431 34 34
蜘 596 3431 34 34
赚 631 3431 34 34
锹 666 3431 34 34
锻 701 3431 34 34
舞 736 3431 34 34
稳 771 3431 34 34
算 806 3431 34 34
箩 1 3466 34 34
管 36 3466 34 34
僚 71 3466 34 34
鼻 106 3466 34 34
魄 141 3466 34 34
貌 176 3466 34 34
膜 211 3466 34 34
膊 246 3466 34 34
膀 281 3466 34 34
鲜 316 3466 34 34
疑 351 3466 34 34
馒 386 3466 34 34
裹 421 3466 34 34
敲 456 3466 34 34
豪 491 3466 34 34
膏 526 3466 34 34
遮 561 3466 34 34
腐 596 3466 34 34
瘦 631 3466 34 34
辣 666 3466 34 34
竭 701 3466 34 34
端 736 3466 34 34
旗 771 3466 34 34
精 806 3466 34 34
歉 1 3501 34 34
熄 36 3501 34 34
熔 71 3501 34 34
漆 106 3501 34 34
漂 141 3501 34 34
漫 176 3501 34 34
滴 211 3501 34 34
演 246 3501 34 34
漏 281 3501 34 34
慢 316 3501 34 34
寨 351 3501 34 34
赛 386 3501 34 34
察 421 3501 34 34
蜜 456 3501 34 34
谱 491 3501 34 34
嫩 526 3501 34 34
翠 561 3501 34 34
熊 596 3501 34 34
凳 631 3501 34 34
骡 666 3501 34 34
缩 701 3501 34 34
慧 736 3501 34 34
撕 771 3501 34 34
撒 806 3501 34 34
趣 1 3536 34 34
趟 36 3536 34 34
撑 71 3536 34 34
播 106 3536 34 34
撞 141 3536 34 34
撤 176 3536 34 34
增 211 3536 34 34
聪 246 3536 34 34
鞋 281 3536 34 34
蕉 316 3536 34 34
蔬 351 3536 34 34
横 386 3536 34 34
槽 421 3536 34 34
樱 456 3536 34 34
橡 491 3536 34 34
飘 526 3536 34 34
醋 561 3536 34 34
醉 596 3536 34 34
震 631 3536 34 34
霉 666 3536 34 34
瞒 701 3536 34 34
题 736 3536 34 34
暴 771 3536 34 34
瞎 806 3536 34 34
影 1 3571 34 34
踢 36 3571 34 34
踏 71 3571 34 34
踩 106 3571 34 34
踪 141 3571 34 34
蝶 176 3571 34 34
蝴 211 3571 34 34
嘱 246 3571 34 34
墨 281 3571 34 34
镇 316 3571 34 34
靠 351 3571 34 34
稻 386 3571 34 34
黎 421 3571 34 34
稿 456 3571 34 34
稼 491 3571 34 34
箱 526 3571 34 34
箭 561 3571 34 34
篇 596 3571 34 34
僵 631 3571 34 34
躺 666 3571 34 34
僻 701 3571 34 34
德 736 3571 34 34
艘 771 3571 34 34
膝 806 3571 34 34
膛 1 3606 34 34
熟 36 3606 34 34
摩 71 3606 34 34
颜 106 3606 34 34
毅 141 3606 34 34
糊 176 3606 34 34
遵 211 3606 34 34
潜 246 3606 34 34
潮 281 3606 34 34
懂 316 3606 34 34
额 351 3606 34 34
慰 386 3606 34 34
劈 421 3606 34 34
操 456 3606 34 34
燕 491 3606 34 34
薯 526 3606 34 34
薪 561 3606 34 34
薄 596 3606 34 34
颠 631 3606 34 34
橘 666 3606 34 34
整 701 3606 34 34
融 736 3606 34 34
醒 771 3606 34 34
餐 806 3606 34 34
嘴 1 3641 34 34
蹄 36 3641 34 34
器 71 3641 34 34
赠 106 3641 34 34
默 141 3641 34 34
镜 176 3641 34 34
赞 211 3641 34 34
篮 246 3641 34 34
邀 281 3641 34 34
衡 316 3641 34 34
膨 351 3641 34 34
雕 386 3641 34 34
磨 421 3641 34 34
凝 456 3641 34 34
辨 491 3641 34 34
辩 526 3641 34 34
糖 561 3641 34 34
糕 596 3641 34 34
燃 631 3641 34 34
澡 666 3641 34 34
激 701 3641 34 34
懒 736 3641 34 34
壁 771 3641 34 34
避 806 3641 34 34
缴 1 3676 34 34
戴 36 3676 34 34
擦 71 3676 34 34
鞠 106 3676 34 34
藏 141 3676 34 34
霜 176 3676 34 34
霞 211 3676 34 34
瞧 246 3676 34 34
蹈 281 3676 34 34
螺 316 3676 34 34
穗 351 3676 34 34
繁 386 3676 34 34
辫 421 3676 34 34
赢 456 3676 34 34
糟 491 3676 34 34
糠 526 3676 34 34
燥 561 3676 34 34
臂 596 3676 34 34
翼 631 3676 34 34
骤 666 3676 34 34
鞭 701 3676 34 34
覆 736 3676 34 34
蹦 771 3676 34 34
镰 806 3676 34 34
