q 0 0 30 30
w 30 0 30 30
e 60 0 30 30
r 90 0 30 30
t 120 0 30 30
y 150 0 30 30
u 180 0 30 30
i 210 0 30 30
o 240 0 30 30
p 270 0 30 30
[ 300 0 30 30
] 330 0 30 30
\ 360 0 30 30
a 390 0 30 30
s 420 0 30 30
d 450 0 30 30
f 480 0 30 30
g 510 0 30 30
h 540 0 30 30
j 570 0 30 30
k 600 0 30 30
l 630 0 30 30
; 660 0 30 30
' 690 0 30 30
z 0 30 30 30
x 30 30 30 30
c 60 30 30 30
v 90 30 30 30
b 120 30 30 30
n 150 30 30 30
m 180 30 30 30
, 210 30 30 30
. 240 30 30 30
/ 270 30 30 30
{ 300 30 30 30
} 330 30 30 30
| 360 30 30 30
: 390 30 30 30
" 420 30 30 30
< 450 30 30 30
> 480 30 30 30
? 510 30 30 30
1 540 30 30 30
2 570 30 30 30
3 600 30 30 30
4 630 30 30 30
5 660 30 30 30
6 690 30 30 30
7 0 60 30 30
8 30 60 30 30
9 60 60 30 30
0 90 60 30 30
- 120 60 30 30
= 150 60 30 30
! 180 60 30 30
@ 210 60 30 30
# 240 60 30 30
$ 270 60 30 30
% 300 60 30 30
^ 330 60 30 30
& 360 60 30 30
* 390 60 30 30
( 420 60 30 30
) 450 60 30 30
_ 480 60 30 30
+ 510 60 30 30
一 540 60 30 30
乙 570 60 30 30
二 600 60 30 30
十 630 60 30 30
丁 660 60 30 30
厂 690 60 30 30
七 0 90 30 30
卜 30 90 30 30
人 60 90 30 30
入 90 90 30 30
八 120 90 30 30
九 150 90 30 30
几 180 90 30 30
儿 210 90 30 30
了 240 90 30 30
力 270 90 30 30
乃 300 90 30 30
刀 330 90 30 30
又 360 90 30 30
三 390 90 30 30
于 420 90 30 30
干 450 90 30 30
亏 480 90 30 30
士 510 90 30 30
工 540 90 30 30
土 570 90 30 30
才 600 90 30 30
寸 630 90 30 30
下 660 90 30 30
大 690 90 30 30
丈 0 120 30 30
与 30 120 30 30
万 60 120 30 30
上 90 120 30 30
小 120 120 30 30
口 150 120 30 30
巾 180 120 30 30
山 210 120 30 30
千 240 120 30 30
乞 270 120 30 30
川 300 120 30 30
亿 330 120 30 30
个 360 120 30 30
勺 390 120 30 30
久 420 120 30 30
凡 450 120 30 30
及 480 120 30 30
夕 510 120 30 30
丸 540 120 30 30
么 570 120 30 30
广 600 120 30 30
亡 630 120 30 30
门 660 120 30 30
义 690 120 30 30
之 0 150 30 30
尸 30 150 30 30
弓 60 150 30 30
己 90 150 30 30
已 120 150 30 30
子 150 150 30 30
卫 180 150 30 30
也 210 150 30 30
女 240 150 30 30
飞 270 150 30 30
刃 300 150 30 30
习 330 150 30 30
叉 360 150 30 30
马 390 150 30 30
乡 420 150 30 30
丰 450 150 30 30
王 480 150 30 30
井 510 150 30 30
开 540 150 30 30
夫 570 150 30 30
天 600 150 30 30
无 630 150 30 30
元 660 150 30 30
专 690 150 30 30
云 0 180 30 30
扎 30 180 30 30
艺 60 180 30 30
木 90 180 30 30
五 120 180 30 30
支 150 180 30 30
厅 180 180 30 30
不 210 180 30 30
太 240 180 30 30
犬 270 180 30 30
区 300 180 30 30
历 330 180 30 30
尤 360 180 30 30
友 390 180 30 30
匹 420 180 30 30
车 450 180 30 30
巨 480 180 30 30
牙 510 180 30 30
屯 540 180 30 30
比 570 180 30 30
互 600 180 30 30
切 630 180 30 30
瓦 660 180 30 30
止 690 180 30 30
少 0 210 30 30
日 30 210 30 30
中 60 210 30 30
冈 90 210 30 30
贝 120 210 30 30
内 150 210 30 30
水 180 210 30 30
见 210 210 30 30
午 240 210 30 30
牛 270 210 30 30
手 300 210 30 30
毛 330 210 30 30
气 360 210 30 30
升 390 210 30 30
长 420 210 30 30
仁 450 210 30 30
什 480 210 30 30
片 510 210 30 30
仆 540 210 30 30
化 570 210 30 30
仇 600 210 30 30
币 630 210 30 30
仍 660 210 30 30
仅 690 210 30 30
斤 0 240 30 30
爪 30 240 30 30
反 60 240 30 30
介 90 240 30 30
父 120 240 30 30
从 150 240 30 30
今 180 240 30 30
凶 210 240 30 30
分 240 240 30 30
乏 270 240 30 30
公 300 240 30 30
仓 330 240 30 30
月 360 240 30 30
氏 390 240 30 30
勿 420 240 30 30
欠 450 240 30 30
风 480 240 30 30
丹 510 240 30 30
匀 540 240 30 30
乌 570 240 30 30
凤 600 240 30 30
勾 630 240 30 30
文 660 240 30 30
六 690 240 30 30
方 0 270 30 30
火 30 270 30 30
为 60 270 30 30
斗 90 270 30 30
忆 120 270 30 30
订 150 270 30 30
计 180 270 30 30
户 210 270 30 30
认 240 270 30 30
心 270 270 30 30
尺 300 270 30 30
引 330 270 30 30
丑 360 270 30 30
巴 390 270 30 30
孔 420 270 30 30
队 450 270 30 30
办 480 270 30 30
以 510 270 30 30
允 540 270 30 30
予 570 270 30 30
劝 600 270 30 30
双 630 270 30 30
书 660 270 30 30
幻 690 270 30 30
玉 0 300 30 30
刊 30 300 30 30
示 60 300 30 30
末 90 300 30 30
未 120 300 30 30
击 150 300 30 30
打 180 300 30 30
巧 210 300 30 30
正 240 300 30 30
扑 270 300 30 30
扒 300 300 30 30
功 330 300 30 30
扔 360 300 30 30
去 390 300 30 30
甘 420 300 30 30
世 450 300 30 30
古 480 300 30 30
节 510 300 30 30
本 540 300 30 30
术 570 300 30 30
可 600 300 30 30
丙 630 300 30 30
左 660 300 30 30
厉 690 300 30 30
右 0 330 30 30
石 30 330 30 30
布 60 330 30 30
龙 90 330 30 30
平 120 330 30 30
灭 150 330 30 30
轧 180 330 30 30
东 210 330 30 30
卡 240 330 30 30
北 270 330 30 30
占 300 330 30 30
业 330 330 30 30
旧 360 330 30 30
帅 390 330 30 30
归 420 330 30 30
且 450 330 30 30
旦 480 330 30 30
目 510 330 30 30
叶 540 330 30 30
甲 570 330 30 30
申 600 330 30 30
叮 630 330 30 30
电 660 330 30 30
号 690 330 30 30
田 0 360 30 30
由 30 360 30 30
史 60 360 30 30
只 90 360 30 30
央 120 360 30 30
兄 150 360 30 30
叼 180 360 30 30
叫 210 360 30 30
另 240 360 30 30
叨 270 360 30 30
叹 300 360 30 30
四 330 360 30 30
生 360 360 30 30
失 390 360 30 30
禾 420 360 30 30
丘 450 360 30 30
付 480 360 30 30
仗 510 360 30 30
代 540 360 30 30
仙 570 360 30 30
们 600 360 30 30
仪 630 360 30 30
白 660 360 30 30
仔 690 360 30 30
他 0 390 30 30
斥 30 390 30 30
瓜 60 390 30 30
乎 90 390 30 30
丛 120 390 30 30
令 150 390 30 30
用 180 390 30 30
甩 210 390 30 30
印 240 390 30 30
乐 270 390 30 30
句 300 390 30 30
匆 330 390 30 30
册 360 390 30 30
犯 390 390 30 30
外 420 390 30 30
处 450 390 30 30
冬 480 390 30 30
鸟 510 390 30 30
务 540 390 30 30
包 570 390 30 30
饥 600 390 30 30
主 630 390 30 30
市 660 390 30 30
立 690 390 30 30
闪 0 420 30 30
兰 30 420 30 30
半 60 420 30 30
汁 90 420 30 30
汇 120 420 30 30
头 150 420 30 30
汉 180 420 30 30
宁 210 420 30 30
穴 240 420 30 30
它 270 420 30 30
讨 300 420 30 30
写 330 420 30 30
让 360 420 30 30
礼 390 420 30 30
训 420 420 30 30
必 450 420 30 30
议 480 420 30 30
讯 510 420 30 30
记 540 420 30 30
永 570 420 30 30
司 600 420 30 30
尼 630 420 30 30
民 660 420 30 30
出 690 420 30 30
辽 0 450 30 30
奶 30 450 30 30
奴 60 450 30 30
加 90 450 30 30
召 120 450 30 30
皮 150 450 30 30
边 180 450 30 30
发 210 450 30 30
孕 240 450 30 30
圣 270 450 30 30
对 300 450 30 30
台 330 450 30 30
矛 360 450 30 30
纠 390 450 30 30
母 420 450 30 30
幼 450 450 30 30
丝 480 450 30 30
式 510 450 30 30
刑 540 450 30 30
动 570 450 30 30
扛 600 450 30 30
寺 630 450 30 30
吉 660 450 30 30
扣 690 450 30 30
考 0 480 30 30
托 30 480 30 30
老 60 480 30 30
执 90 480 30 30
巩 120 480 30 30
圾 150 480 30 30
扩 180 480 30 30
扫 210 480 30 30
地 240 480 30 30
扬 270 480 30 30
场 300 480 30 30
耳 330 480 30 30
共 360 480 30 30
芒 390 480 30 30
亚 420 480 30 30
芝 450 480 30 30
朽 480 480 30 30
朴 510 480 30 30
机 540 480 30 30
权 570 480 30 30
过 600 480 30 30
臣 630 480 30 30
再 660 480 30 30
协 690 480 30 30
西 0 510 30 30
压 30 510 30 30
厌 60 510 30 30
在 90 510 30 30
有 120 510 30 30
百 150 510 30 30
存 180 510 30 30
而 210 510 30 30
页 240 510 30 30
匠 270 510 30 30
夸 300 510 30 30
夺 330 510 30 30
灰 360 510 30 30
达 390 510 30 30
列 420 510 30 30
死 450 510 30 30
成 480 510 30 30
夹 510 510 30 30
轨 540 510 30 30
邪 570 510 30 30
划 600 510 30 30
迈 630 510 30 30
毕 660 510 30 30
至 690 510 30 30
此 0 540 30 30
贞 30 540 30 30
师 60 540 30 30
尘 90 540 30 30
尖 120 540 30 30
劣 150 540 30 30
光 180 540 30 30
当 210 540 30 30
早 240 540 30 30
吐 270 540 30 30
吓 300 540 30 30
虫 330 540 30 30
曲 360 540 30 30
团 390 540 30 30
同 420 540 30 30
吊 450 540 30 30
吃 480 540 30 30
因 510 540 30 30
吸 540 540 30 30
吗 570 540 30 30
屿 600 540 30 30
帆 630 540 30 30
岁 660 540 30 30
回 690 540 30 30
岂 0 570 30 30
刚 30 570 30 30
则 60 570 30 30
肉 90 570 30 30
网 120 570 30 30
年 150 570 30 30
朱 180 570 30 30
先 210 570 30 30
丢 240 570 30 30
舌 270 570 30 30
竹 300 570 30 30
迁 330 570 30 30
乔 360 570 30 30
伟 390 570 30 30
传 420 570 30 30
乒 450 570 30 30
乓 480 570 30 30
休 510 570 30 30
伍 540 570 30 30
伏 570 570 30 30
优 600 570 30 30
伐 630 570 30 30
延 660 570 30 30
件 690 570 30 30
任 0 600 30 30
伤 30 600 30 30
价 60 600 30 30
份 90 600 30 30
华 120 600 30 30
仰 150 600 30 30
仿 180 600 30 30
伙 210 600 30 30
伪 240 600 30 30
自 270 600 30 30
血 300 600 30 30
向 330 600 30 30
似 360 600 30 30
后 390 600 30 30
行 420 600 30 30
舟 450 600 30 30
全 480 600 30 30
会 510 600 30 30
杀 540 600 30 30
合 570 600 30 30
兆 600 600 30 30
企 630 600 30 30
众 660 600 30 30
爷 690 600 30 30
伞 0 630 30 30
创 30 630 30 30
肌 60 630 30 30
朵 90 630 30 30
杂 120 630 30 30
危 150 630 30 30
旬 180 630 30 30
旨 210 630 30 30
负 240 630 30 30
各 270 630 30 30
名 300 630 30 30
多 330 630 30 30
争 360 630 30 30
色 390 630 30 30
壮 420 630 30 30
冲 450 630 30 30
冰 480 630 30 30
庄 510 630 30 30
庆 540 630 30 30
亦 570 630 30 30
刘 600 630 30 30
齐 630 630 30 30
交 660 630 30 30
次 690 630 30 30
衣 0 660 30 30
产 30 660 30 30
决 60 660 30 30
充 90 660 30 30
妄 120 660 30 30
闭 150 660 30 30
问 180 660 30 30
闯 210 660 30 30
羊 240 660 30 30
并 270 660 30 30
关 300 660 30 30
米 330 660 30 30
灯 360 660 30 30
州 390 660 30 30
汗 420 660 30 30
污 450 660 30 30
江 480 660 30 30
池 510 660 30 30
汤 540 660 30 30
忙 570 660 30 30
兴 600 660 30 30
宇 630 660 30 30
守 660 660 30 30
宅 690 660 30 30
字 0 690 30 30
安 30 690 30 30
讲 60 690 30 30
军 90 690 30 30
许 120 690 30 30
论 150 690 30 30
农 180 690 30 30
讽 210 690 30 30
设 240 690 30 30
访 270 690 30 30
寻 300 690 30 30
那 330 690 30 30
迅 360 690 30 30
尽 390 690 30 30
导 420 690 30 30
异 450 690 30 30
孙 480 690 30 30
阵 510 690 30 30
阳 540 690 30 30
收 570 690 30 30
阶 600 690 30 30
阴 630 690 30 30
防 660 690 30 30
奸 690 690 30 30
如 0 720 30 30
妇 30 720 30 30
好 60 720 30 30
她 90 720 30 30
妈 120 720 30 30
戏 150 720 30 30
羽 180 720 30 30
观 210 720 30 30
欢 240 720 30 30
买 270 720 30 30
红 300 720 30 30
纤 330 720 30 30
级 360 720 30 30
约 390 720 30 30
纪 420 720 30 30
驰 450 720 30 30
巡 480 720 30 30
寿 510 720 30 30
弄 540 720 30 30
麦 570 720 30 30
形 600 720 30 30
进 630 720 30 30
戒 660 720 30 30
吞 690 720 30 30
远 0 750 30 30
违 30 750 30 30
运 60 750 30 30
扶 90 750 30 30
抚 120 750 30 30
坛 150 750 30 30
技 180 750 30 30
坏 210 750 30 30
扰 240 750 30 30
拒 270 750 30 30
找 300 750 30 30
批 330 750 30 30
扯 360 750 30 30
址 390 750 30 30
走 420 750 30 30
抄 450 750 30 30
坝 480 750 30 30
贡 510 750 30 30
攻 540 750 30 30
赤 570 750 30 30
折 600 750 30 30
抓 630 750 30 30
扮 660 750 30 30
抢 690 750 30 30
孝 0 780 30 30
均 30 780 30 30
抛 60 780 30 30
投 90 780 30 30
坟 120 780 30 30
抗 150 780 30 30
坑 180 780 30 30
坊 210 780 30 30
抖 240 780 30 30
护 270 780 30 30
壳 300 780 30 30
志 330 780 30 30
扭 360 780 30 30
块 390 780 30 30
声 420 780 30 30
把 450 780 30 30
报 480 780 30 30
却 510 780 30 30
劫 540 780 30 30
芽 570 780 30 30
花 600 780 30 30
芹 630 780 30 30
芬 660 780 30 30
苍 690 780 30 30
芳 0 810 30 30
严 30 810 30 30
芦 60 810 30 30
劳 90 810 30 30
克 120 810 30 30
苏 150 810 30 30
杆 180 810 30 30
杠 210 810 30 30
杜 240 810 30 30
材 270 810 30 30
村 300 810 30 30
杏 330 810 30 30
极 360 810 30 30
李 390 810 30 30
杨 420 810 30 30
求 450 810 30 30
更 480 810 30 30
束 510 810 30 30
豆 540 810 30 30
两 570 810 30 30
丽 600 810 30 30
医 630 810 30 30
辰 660 810 30 30
励 690 810 30 30
否 0 840 30 30
还 30 840 30 30
歼 60 840 30 30
来 90 840 30 30
连 120 840 30 30
步 150 840 30 30
坚 180 840 30 30
旱 210 840 30 30
盯 240 840 30 30
呈 270 840 30 30
时 300 840 30 30
吴 330 840 30 30
助 360 840 30 30
县 390 840 30 30
里 420 840 30 30
呆 450 840 30 30
园 480 840 30 30
旷 510 840 30 30
围 540 840 30 30
呀 570 840 30 30
吨 600 840 30 30
足 630 840 30 30
邮 660 840 30 30
男 690 840 30 30
困 0 870 30 30
吵 30 870 30 30
串 60 870 30 30
员 90 870 30 30
听 120 870 30 30
吩 150 870 30 30
吹 180 870 30 30
呜 210 870 30 30
吧 240 870 30 30
吼 270 870 30 30
别 300 870 30 30
岗 330 870 30 30
帐 360 870 30 30
财 390 870 30 30
针 420 870 30 30
钉 450 870 30 30
告 480 870 30 30
我 510 870 30 30
乱 540 870 30 30
利 570 870 30 30
秃 600 870 30 30
秀 630 870 30 30
私 660 870 30 30
每 690 870 30 30
兵 0 900 30 30
估 30 900 30 30
体 60 900 30 30
何 90 900 30 30
但 120 900 30 30
伸 150 900 30 30
作 180 900 30 30
伯 210 900 30 30
伶 240 900 30 30
佣 270 900 30 30
低 300 900 30 30
你 330 900 30 30
住 360 900 30 30
位 390 900 30 30
伴 420 900 30 30
身 450 900 30 30
皂 480 900 30 30
佛 510 900 30 30
近 540 900 30 30
彻 570 900 30 30
役 600 900 30 30
返 630 900 30 30
余 660 900 30 30
希 690 900 30 30
坐 0 930 30 30
谷 30 930 30 30
妥 60 930 30 30
含 90 930 30 30
邻 120 930 30 30
岔 150 930 30 30
肝 180 930 30 30
肚 210 930 30 30
肠 240 930 30 30
龟 270 930 30 30
免 300 930 30 30
狂 330 930 30 30
犹 360 930 30 30
角 390 930 30 30
删 420 930 30 30
条 450 930 30 30
卵 480 930 30 30
岛 510 930 30 30
迎 540 930 30 30
饭 570 930 30 30
饮 600 930 30 30
系 630 930 30 30
言 660 930 30 30
冻 690 930 30 30
状 0 960 30 30
亩 30 960 30 30
况 60 960 30 30
床 90 960 30 30
库 120 960 30 30
疗 150 960 30 30
应 180 960 30 30
冷 210 960 30 30
这 240 960 30 30
序 270 960 30 30
辛 300 960 30 30
弃 330 960 30 30
冶 360 960 30 30
忘 390 960 30 30
闲 420 960 30 30
间 450 960 30 30
闷 480 960 30 30
判 510 960 30 30
灶 540 960 30 30
灿 570 960 30 30
弟 600 960 30 30
汪 630 960 30 30
沙 660 960 30 30
汽 690 960 30 30
沃 0 990 30 30
泛 30 990 30 30
沟 60 990 30 30
没 90 990 30 30
沈 120 990 30 30
沉 150 990 30 30
怀 180 990 30 30
忧 210 990 30 30
快 240 990 30 30
完 270 990 30 30
宋 300 990 30 30
宏 330 990 30 30
牢 360 990 30 30
究 390 990 30 30
穷 420 990 30 30
灾 450 990 30 30
良 480 990 30 30
证 510 990 30 30
启 540 990 30 30
评 570 990 30 30
补 600 990 30 30
初 630 990 30 30
社 660 990 30 30
识 690 990 30 30
诉 0 1020 30 30
诊 30 1020 30 30
词 60 1020 30 30
译 90 1020 30 30
君 120 1020 30 30
灵 150 1020 30 30
即 180 1020 30 30
层 210 1020 30 30
尿 240 1020 30 30
尾 270 1020 30 30
迟 300 1020 30 30
局 330 1020 30 30
改 360 1020 30 30
张 390 1020 30 30
忌 420 1020 30 30
际 450 1020 30 30
陆 480 1020 30 30
阿 510 1020 30 30
陈 540 1020 30 30
阻 570 1020 30 30
附 600 1020 30 30
妙 630 1020 30 30
妖 660 1020 30 30
妨 690 1020 30 30
努 0 1050 30 30
忍 30 1050 30 30
劲 60 1050 30 30
鸡 90 1050 30 30
驱 120 1050 30 30
纯 150 1050 30 30
纱 180 1050 30 30
纳 210 1050 30 30
纲 240 1050 30 30
驳 270 1050 30 30
纵 300 1050 30 30
纷 330 1050 30 30
纸 360 1050 30 30
纹 390 1050 30 30
纺 420 1050 30 30
驴 450 1050 30 30
纽 480 1050 30 30
奉 510 1050 30 30
玩 540 1050 30 30
环 570 1050 30 30
武 600 1050 30 30
青 630 1050 30 30
责 660 1050 30 30
现 690 1050 30 30
表 0 1080 30 30
规 30 1080 30 30
抹 60 1080 30 30
拢 90 1080 30 30
拔 120 1080 30 30
拣 150 1080 30 30
担 180 1080 30 30
坦 210 1080 30 30
押 240 1080 30 30
抽 270 1080 30 30
拐 300 1080 30 30
拖 330 1080 30 30
拍 360 1080 30 30
者 390 1080 30 30
顶 420 1080 30 30
拆 450 1080 30 30
拥 480 1080 30 30
抵 510 1080 30 30
拘 540 1080 30 30
势 570 1080 30 30
抱 600 1080 30 30
垃 630 1080 30 30
拉 660 1080 30 30
拦 690 1080 30 30
拌 0 1110 30 30
幸 30 1110 30 30
招 60 1110 30 30
坡 90 1110 30 30
披 120 1110 30 30
拨 150 1110 30 30
择 180 1110 30 30
抬 210 1110 30 30
其 240 1110 30 30
取 270 1110 30 30
苦 300 1110 30 30
若 330 1110 30 30
茂 360 1110 30 30
苹 390 1110 30 30
苗 420 1110 30 30
英 450 1110 30 30
范 480 1110 30 30
直 510 1110 30 30
茄 540 1110 30 30
茎 570 1110 30 30
茅 600 1110 30 30
林 630 1110 30 30
枝 660 1110 30 30
杯 690 1110 30 30
柜 0 1140 30 30
析 30 1140 30 30
板 60 1140 30 30
松 90 1140 30 30
枪 120 1140 30 30
构 150 1140 30 30
杰 180 1140 30 30
述 210 1140 30 30
枕 240 1140 30 30
丧 270 1140 30 30
或 300 1140 30 30
画 330 1140 30 30
卧 360 1140 30 30
事 390 1140 30 30
刺 420 1140 30 30
枣 450 1140 30 30
雨 480 1140 30 30
卖 510 1140 30 30
矿 540 1140 30 30
码 570 1140 30 30
厕 600 1140 30 30
奔 630 1140 30 30
奇 660 1140 30 30
奋 690 1140 30 30
态 0 1170 30 30
欧 30 1170 30 30
垄 60 1170 30 30
妻 90 1170 30 30
轰 120 1170 30 30
顷 150 1170 30 30
转 180 1170 30 30
斩 210 1170 30 30
轮 240 1170 30 30
软 270 1170 30 30
到 300 1170 30 30
非 330 1170 30 30
叔 360 1170 30 30
肯 390 1170 30 30
齿 420 1170 30 30
些 450 1170 30 30
虎 480 1170 30 30
虏 510 1170 30 30
肾 540 1170 30 30
贤 570 1170 30 30
尚 600 1170 30 30
旺 630 1170 30 30
具 660 1170 30 30
果 690 1170 30 30
味 0 1200 30 30
昆 30 1200 30 30
国 60 1200 30 30
昌 90 1200 30 30
畅 120 1200 30 30
明 150 1200 30 30
易 180 1200 30 30
昂 210 1200 30 30
典 240 1200 30 30
固 270 1200 30 30
忠 300 1200 30 30
咐 330 1200 30 30
呼 360 1200 30 30
鸣 390 1200 30 30
咏 420 1200 30 30
呢 450 1200 30 30
岸 480 1200 30 30
岩 510 1200 30 30
帖 540 1200 30 30
罗 570 1200 30 30
帜 600 1200 30 30
岭 630 1200 30 30
凯 660 1200 30 30
败 690 1200 30 30
贩 0 1230 30 30
购 30 1230 30 30
图 60 1230 30 30
钓 90 1230 30 30
制 120 1230 30 30
知 150 1230 30 30
垂 180 1230 30 30
牧 210 1230 30 30
物 240 1230 30 30
乖 270 1230 30 30
刮 300 1230 30 30
秆 330 1230 30 30
和 360 1230 30 30
季 390 1230 30 30
委 420 1230 30 30
佳 450 1230 30 30
侍 480 1230 30 30
供 510 1230 30 30
使 540 1230 30 30
例 570 1230 30 30
版 600 1230 30 30
侄 630 1230 30 30
侦 660 1230 30 30
侧 690 1230 30 30
凭 0 1260 30 30
侨 30 1260 30 30
佩 60 1260 30 30
货 90 1260 30 30
依 120 1260 30 30
的 150 1260 30 30
迫 180 1260 30 30
质 210 1260 30 30
欣 240 1260 30 30
征 270 1260 30 30
往 300 1260 30 30
爬 330 1260 30 30
彼 360 1260 30 30
径 390 1260 30 30
所 420 1260 30 30
舍 450 1260 30 30
金 480 1260 30 30
命 510 1260 30 30
斧 540 1260 30 30
爸 570 1260 30 30
采 600 1260 30 30
受 630 1260 30 30
乳 660 1260 30 30
贪 690 1260 30 30
念 0 1290 30 30
贫 30 1290 30 30
肤 60 1290 30 30
肺 90 1290 30 30
肢 120 1290 30 30
肿 150 1290 30 30
胀 180 1290 30 30
朋 210 1290 30 30
股 240 1290 30 30
肥 270 1290 30 30
服 300 1290 30 30
胁 330 1290 30 30
周 360 1290 30 30
昏 390 1290 30 30
鱼 420 1290 30 30
兔 450 1290 30 30
狐 480 1290 30 30
忽 510 1290 30 30
狗 540 1290 30 30
备 570 1290 30 30
饰 600 1290 30 30
饱 630 1290 30 30
饲 660 1290 30 30
变 690 1290 30 30
京 0 1320 30 30
享 30 1320 30 30
店 60 1320 30 30
夜 90 1320 30 30
庙 120 1320 30 30
府 150 1320 30 30
底 180 1320 30 30
剂 210 1320 30 30
郊 240 1320 30 30
废 270 1320 30 30
净 300 1320 30 30
盲 330 1320 30 30
放 360 1320 30 30
刻 390 1320 30 30
育 420 1320 30 30
闸 450 1320 30 30
闹 480 1320 30 30
郑 510 1320 30 30
券 540 1320 30 30
卷 570 1320 30 30
单 600 1320 30 30
炒 630 1320 30 30
炊 660 1320 30 30
炕 690 1320 30 30
炎 0 1350 30 30
炉 30 1350 30 30
沫 60 1350 30 30
浅 90 1350 30 30
法 120 1350 30 30
泄 150 1350 30 30
河 180 1350 30 30
沾 210 1350 30 30
泪 240 1350 30 30
油 270 1350 30 30
泊 300 1350 30 30
沿 330 1350 30 30
泡 360 1350 30 30
注 390 1350 30 30
泻 420 1350 30 30
泳 450 1350 30 30
泥 480 1350 30 30
沸 510 1350 30 30
波 540 1350 30 30
泼 570 1350 30 30
泽 600 1350 30 30
治 630 1350 30 30
怖 660 1350 30 30
性 690 1350 30 30
怕 0 1380 30 30
怜 30 1380 30 30
怪 60 1380 30 30
学 90 1380 30 30
宝 120 1380 30 30
宗 150 1380 30 30
定 180 1380 30 30
宜 210 1380 30 30
审 240 1380 30 30
宙 270 1380 30 30
官 300 1380 30 30
空 330 1380 30 30
帘 360 1380 30 30
实 390 1380 30 30
试 420 1380 30 30
郎 450 1380 30 30
诗 480 1380 30 30
肩 510 1380 30 30
房 540 1380 30 30
诚 570 1380 30 30
衬 600 1380 30 30
衫 630 1380 30 30
视 660 1380 30 30
话 690 1380 30 30
诞 0 1410 30 30
询 30 1410 30 30
该 60 1410 30 30
详 90 1410 30 30
建 120 1410 30 30
肃 150 1410 30 30
录 180 1410 30 30
隶 210 1410 30 30
居 240 1410 30 30
届 270 1410 30 30
刷 300 1410 30 30
屈 330 1410 30 30
弦 360 1410 30 30
承 390 1410 30 30
孟 420 1410 30 30
孤 450 1410 30 30
陕 480 1410 30 30
降 510 1410 30 30
限 540 1410 30 30
妹 570 1410 30 30
姑 600 1410 30 30
姐 630 1410 30 30
姓 660 1410 30 30
始 690 1410 30 30
驾 0 1440 30 30
参 30 1440 30 30
艰 60 1440 30 30
线 90 1440 30 30
练 120 1440 30 30
组 150 1440 30 30
细 180 1440 30 30
驶 210 1440 30 30
织 240 1440 30 30
终 270 1440 30 30
驻 300 1440 30 30
驼 330 1440 30 30
绍 360 1440 30 30
经 390 1440 30 30
贯 420 1440 30 30
奏 450 1440 30 30
春 480 1440 30 30
帮 510 1440 30 30
珍 540 1440 30 30
玻 570 1440 30 30
毒 600 1440 30 30
型 630 1440 30 30
挂 660 1440 30 30
封 690 1440 30 30
持 0 1470 30 30
项 30 1470 30 30
垮 60 1470 30 30
挎 90 1470 30 30
城 120 1470 30 30
挠 150 1470 30 30
政 180 1470 30 30
赴 210 1470 30 30
赵 240 1470 30 30
挡 270 1470 30 30
挺 300 1470 30 30
括 330 1470 30 30
拴 360 1470 30 30
拾 390 1470 30 30
挑 420 1470 30 30
指 450 1470 30 30
垫 480 1470 30 30
挣 510 1470 30 30
挤 540 1470 30 30
拼 570 1470 30 30
挖 600 1470 30 30
按 630 1470 30 30
挥 660 1470 30 30
挪 690 1470 30 30
某 0 1500 30 30
甚 30 1500 30 30
革 60 1500 30 30
荐 90 1500 30 30
巷 120 1500 30 30
带 150 1500 30 30
草 180 1500 30 30
茧 210 1500 30 30
茶 240 1500 30 30
荒 270 1500 30 30
茫 300 1500 30 30
荡 330 1500 30 30
荣 360 1500 30 30
故 390 1500 30 30
胡 420 1500 30 30
南 450 1500 30 30
药 480 1500 30 30
标 510 1500 30 30
枯 540 1500 30 30
柄 570 1500 30 30
栋 600 1500 30 30
相 630 1500 30 30
查 660 1500 30 30
柏 690 1500 30 30
柳 0 1530 30 30
柱 30 1530 30 30
柿 60 1530 30 30
栏 90 1530 30 30
树 120 1530 30 30
要 150 1530 30 30
咸 180 1530 30 30
威 210 1530 30 30
歪 240 1530 30 30
研 270 1530 30 30
砖 300 1530 30 30
厘 330 1530 30 30
厚 360 1530 30 30
砌 390 1530 30 30
砍 420 1530 30 30
面 450 1530 30 30
耐 480 1530 30 30
耍 510 1530 30 30
牵 540 1530 30 30
残 570 1530 30 30
殃 600 1530 30 30
轻 630 1530 30 30
鸦 660 1530 30 30
皆 690 1530 30 30
背 0 1560 30 30
战 30 1560 30 30
点 60 1560 30 30
临 90 1560 30 30
览 120 1560 30 30
竖 150 1560 30 30
省 180 1560 30 30
削 210 1560 30 30
尝 240 1560 30 30
是 270 1560 30 30
盼 300 1560 30 30
眨 330 1560 30 30
哄 360 1560 30 30
显 390 1560 30 30
哑 420 1560 30 30
冒 450 1560 30 30
映 480 1560 30 30
星 510 1560 30 30
昨 540 1560 30 30
畏 570 1560 30 30
趴 600 1560 30 30
胃 630 1560 30 30
贵 660 1560 30 30
界 690 1560 30 30
虹 0 1590 30 30
虾 30 1590 30 30
蚁 60 1590 30 30
思 90 1590 30 30
蚂 120 1590 30 30
虽 150 1590 30 30
品 180 1590 30 30
咽 210 1590 30 30
骂 240 1590 30 30
哗 270 1590 30 30
咱 300 1590 30 30
响 330 1590 30 30
哈 360 1590 30 30
咬 390 1590 30 30
咳 420 1590 30 30
哪 450 1590 30 30
炭 480 1590 30 30
峡 510 1590 30 30
罚 540 1590 30 30
贱 570 1590 30 30
贴 600 1590 30 30
骨 630 1590 30 30
钞 660 1590 30 30
钟 690 1590 30 30
钢 0 1620 30 30
钥 30 1620 30 30
钩 60 1620 30 30
卸 90 1620 30 30
缸 120 1620 30 30
拜 150 1620 30 30
看 180 1620 30 30
矩 210 1620 30 30
怎 240 1620 30 30
牲 270 1620 30 30
选 300 1620 30 30
适 330 1620 30 30
秒 360 1620 30 30
香 390 1620 30 30
种 420 1620 30 30
秋 450 1620 30 30
科 480 1620 30 30
重 510 1620 30 30
复 540 1620 30 30
竿 570 1620 30 30
段 600 1620 30 30
便 630 1620 30 30
俩 660 1620 30 30
贷 690 1620 30 30
顺 0 1650 30 30
修 30 1650 30 30
保 60 1650 30 30
促 90 1650 30 30
侮 120 1650 30 30
俭 150 1650 30 30
俗 180 1650 30 30
俘 210 1650 30 30
信 240 1650 30 30
皇 270 1650 30 30
泉 300 1650 30 30
鬼 330 1650 30 30
侵 360 1650 30 30
追 390 1650 30 30
俊 420 1650 30 30
盾 450 1650 30 30
待 480 1650 30 30
律 510 1650 30 30
很 540 1650 30 30
须 570 1650 30 30
叙 600 1650 30 30
剑 630 1650 30 30
逃 660 1650 30 30
食 690 1650 30 30
盆 0 1680 30 30
胆 30 1680 30 30
胜 60 1680 30 30
胞 90 1680 30 30
胖 120 1680 30 30
脉 150 1680 30 30
勉 180 1680 30 30
狭 210 1680 30 30
狮 240 1680 30 30
独 270 1680 30 30
狡 300 1680 30 30
狱 330 1680 30 30
狠 360 1680 30 30
贸 390 1680 30 30
怨 420 1680 30 30
急 450 1680 30 30
饶 480 1680 30 30
蚀 510 1680 30 30
饺 540 1680 30 30
饼 570 1680 30 30
弯 600 1680 30 30
将 630 1680 30 30
奖 660 1680 30 30
哀 690 1680 30 30
亭 0 1710 30 30
亮 30 1710 30 30
度 60 1710 30 30
迹 90 1710 30 30
庭 120 1710 30 30
疮 150 1710 30 30
疯 180 1710 30 30
疫 210 1710 30 30
疤 240 1710 30 30
姿 270 1710 30 30
亲 300 1710 30 30
音 330 1710 30 30
帝 360 1710 30 30
施 390 1710 30 30
闻 420 1710 30 30
阀 450 1710 30 30
阁 480 1710 30 30
差 510 1710 30 30
养 540 1710 30 30
美 570 1710 30 30
姜 600 1710 30 30
叛 630 1710 30 30
送 660 1710 30 30
类 690 1710 30 30
迷 0 1740 30 30
前 30 1740 30 30
首 60 1740 30 30
逆 90 1740 30 30
总 120 1740 30 30
炼 150 1740 30 30
炸 180 1740 30 30
炮 210 1740 30 30
烂 240 1740 30 30
剃 270 1740 30 30
洁 300 1740 30 30
洪 330 1740 30 30
洒 360 1740 30 30
浇 390 1740 30 30
浊 420 1740 30 30
洞 450 1740 30 30
测 480 1740 30 30
洗 510 1740 30 30
活 540 1740 30 30
派 570 1740 30 30
洽 600 1740 30 30
染 630 1740 30 30
济 660 1740 30 30
洋 690 1740 30 30
洲 0 1770 30 30
浑 30 1770 30 30
浓 60 1770 30 30
津 90 1770 30 30
恒 120 1770 30 30
恢 150 1770 30 30
恰 180 1770 30 30
恼 210 1770 30 30
恨 240 1770 30 30
举 270 1770 30 30
觉 300 1770 30 30
宣 330 1770 30 30
室 360 1770 30 30
宫 390 1770 30 30
宪 420 1770 30 30
突 450 1770 30 30
穿 480 1770 30 30
窃 510 1770 30 30
客 540 1770 30 30
冠 570 1770 30 30
语 600 1770 30 30
扁 630 1770 30 30
袄 660 1770 30 30
祖 690 1770 30 30
神 0 1800 30 30
祝 30 1800 30 30
误 60 1800 30 30
诱 90 1800 30 30
说 120 1800 30 30
诵 150 1800 30 30
垦 180 1800 30 30
退 210 1800 30 30
既 240 1800 30 30
屋 270 1800 30 30
昼 300 1800 30 30
费 330 1800 30 30
陡 360 1800 30 30
眉 390 1800 30 30
孩 420 1800 30 30
除 450 1800 30 30
险 480 1800 30 30
院 510 1800 30 30
娃 540 1800 30 30
姥 570 1800 30 30
姨 600 1800 30 30
姻 630 1800 30 30
娇 660 1800 30 30
怒 690 1800 30 30
架 0 1830 30 30
贺 30 1830 30 30
盈 60 1830 30 30
勇 90 1830 30 30
怠 120 1830 30 30
柔 150 1830 30 30
垒 180 1830 30 30
绑 210 1830 30 30
绒 240 1830 30 30
结 270 1830 30 30
绕 300 1830 30 30
骄 330 1830 30 30
绘 360 1830 30 30
给 390 1830 30 30
络 420 1830 30 30
骆 450 1830 30 30
绝 480 1830 30 30
绞 510 1830 30 30
统 540 1830 30 30
耕 570 1830 30 30
耗 600 1830 30 30
艳 630 1830 30 30
泰 660 1830 30 30
珠 690 1830 30 30
班 0 1860 30 30
素 30 1860 30 30
蚕 60 1860 30 30
顽 90 1860 30 30
盏 120 1860 30 30
匪 150 1860 30 30
捞 180 1860 30 30
栽 210 1860 30 30
捕 240 1860 30 30
振 270 1860 30 30
载 300 1860 30 30
赶 330 1860 30 30
起 360 1860 30 30
盐 390 1860 30 30
捎 420 1860 30 30
捏 450 1860 30 30
埋 480 1860 30 30
捉 510 1860 30 30
捆 540 1860 30 30
捐 570 1860 30 30
损 600 1860 30 30
都 630 1860 30 30
哲 660 1860 30 30
逝 690 1860 30 30
捡 0 1890 30 30
换 30 1890 30 30
挽 60 1890 30 30
热 90 1890 30 30
恐 120 1890 30 30
壶 150 1890 30 30
挨 180 1890 30 30
耻 210 1890 30 30
耽 240 1890 30 30
恭 270 1890 30 30
莲 300 1890 30 30
莫 330 1890 30 30
荷 360 1890 30 30
获 390 1890 30 30
晋 420 1890 30 30
恶 450 1890 30 30
真 480 1890 30 30
框 510 1890 30 30
桂 540 1890 30 30
档 570 1890 30 30
桐 600 1890 30 30
株 630 1890 30 30
桥 660 1890 30 30
桃 690 1890 30 30
格 0 1920 30 30
校 30 1920 30 30
核 60 1920 30 30
样 90 1920 30 30
根 120 1920 30 30
索 150 1920 30 30
哥 180 1920 30 30
速 210 1920 30 30
逗 240 1920 30 30
栗 270 1920 30 30
配 300 1920 30 30
翅 330 1920 30 30
辱 360 1920 30 30
唇 390 1920 30 30
夏 420 1920 30 30
础 450 1920 30 30
破 480 1920 30 30
原 510 1920 30 30
套 540 1920 30 30
逐 570 1920 30 30
烈 600 1920 30 30
殊 630 1920 30 30
顾 660 1920 30 30
轿 690 1920 30 30
较 0 1950 30 30
顿 30 1950 30 30
毙 60 1950 30 30
致 90 1950 30 30
柴 120 1950 30 30
桌 150 1950 30 30
虑 180 1950 30 30
监 210 1950 30 30
紧 240 1950 30 30
党 270 1950 30 30
晒 300 1950 30 30
眠 330 1950 30 30
晓 360 1950 30 30
鸭 390 1950 30 30
晃 420 1950 30 30
晌 450 1950 30 30
晕 480 1950 30 30
蚊 510 1950 30 30
哨 540 1950 30 30
哭 570 1950 30 30
恩 600 1950 30 30
唤 630 1950 30 30
啊 660 1950 30 30
唉 690 1950 30 30
罢 0 1980 30 30
峰 30 1980 30 30
圆 60 1980 30 30
贼 90 1980 30 30
贿 120 1980 30 30
钱 150 1980 30 30
钳 180 1980 30 30
钻 210 1980 30 30
铁 240 1980 30 30
铃 270 1980 30 30
铅 300 1980 30 30
缺 330 1980 30 30
氧 360 1980 30 30
特 390 1980 30 30
牺 420 1980 30 30
造 450 1980 30 30
乘 480 1980 30 30
敌 510 1980 30 30
秤 540 1980 30 30
租 570 1980 30 30
积 600 1980 30 30
秧 630 1980 30 30
秩 660 1980 30 30
称 690 1980 30 30
秘 0 2010 30 30
透 30 2010 30 30
笔 60 2010 30 30
笑 90 2010 30 30
笋 120 2010 30 30
债 150 2010 30 30
借 180 2010 30 30
值 210 2010 30 30
倚 240 2010 30 30
倾 270 2010 30 30
倒 300 2010 30 30
倘 330 2010 30 30
俱 360 2010 30 30
倡 390 2010 30 30
候 420 2010 30 30
俯 450 2010 30 30
倍 480 2010 30 30
倦 510 2010 30 30
健 540 2010 30 30
臭 570 2010 30 30
射 600 2010 30 30
躬 630 2010 30 30
息 660 2010 30 30
徒 690 2010 30 30
徐 0 2040 30 30
舰 30 2040 30 30
舱 60 2040 30 30
般 90 2040 30 30
航 120 2040 30 30
途 150 2040 30 30
拿 180 2040 30 30
爹 210 2040 30 30
爱 240 2040 30 30
颂 270 2040 30 30
翁 300 2040 30 30
脆 330 2040 30 30
脂 360 2040 30 30
胸 390 2040 30 30
胳 420 2040 30 30
脏 450 2040 30 30
胶 480 2040 30 30
脑 510 2040 30 30
狸 540 2040 30 30
狼 570 2040 30 30
逢 600 2040 30 30
留 630 2040 30 30
皱 660 2040 30 30
饿 690 2040 30 30
恋 0 2070 30 30
桨 30 2070 30 30
浆 60 2070 30 30
衰 90 2070 30 30
高 120 2070 30 30
席 150 2070 30 30
准 180 2070 30 30
座 210 2070 30 30
脊 240 2070 30 30
症 270 2070 30 30
病 300 2070 30 30
疾 330 2070 30 30
疼 360 2070 30 30
疲 390 2070 30 30
效 420 2070 30 30
离 450 2070 30 30
唐 480 2070 30 30
资 510 2070 30 30
凉 540 2070 30 30
站 570 2070 30 30
剖 600 2070 30 30
竞 630 2070 30 30
部 660 2070 30 30
旁 690 2070 30 30
旅 0 2100 30 30
畜 30 2100 30 30
阅 60 2100 30 30
羞 90 2100 30 30
瓶 120 2100 30 30
拳 150 2100 30 30
粉 180 2100 30 30
料 210 2100 30 30
益 240 2100 30 30
兼 270 2100 30 30
烤 300 2100 30 30
烘 330 2100 30 30
烦 360 2100 30 30
烧 390 2100 30 30
烛 420 2100 30 30
烟 450 2100 30 30
递 480 2100 30 30
涛 510 2100 30 30
浙 540 2100 30 30
涝 570 2100 30 30
酒 600 2100 30 30
涉 630 2100 30 30
消 660 2100 30 30
浩 690 2100 30 30
海 0 2130 30 30
涂 30 2130 30 30
浴 60 2130 30 30
浮 90 2130 30 30
流 120 2130 30 30
润 150 2130 30 30
浪 180 2130 30 30
浸 210 2130 30 30
涨 240 2130 30 30
烫 270 2130 30 30
涌 300 2130 30 30
悟 330 2130 30 30
悄 360 2130 30 30
悔 390 2130 30 30
悦 420 2130 30 30
害 450 2130 30 30
宽 480 2130 30 30
家 510 2130 30 30
宵 540 2130 30 30
宴 570 2130 30 30
宾 600 2130 30 30
窄 630 2130 30 30
容 660 2130 30 30
宰 690 2130 30 30
案 0 2160 30 30
请 30 2160 30 30
朗 60 2160 30 30
诸 90 2160 30 30
读 120 2160 30 30
扇 150 2160 30 30
袜 180 2160 30 30
袖 210 2160 30 30
袍 240 2160 30 30
被 270 2160 30 30
祥 300 2160 30 30
课 330 2160 30 30
谁 360 2160 30 30
调 390 2160 30 30
冤 420 2160 30 30
谅 450 2160 30 30
谈 480 2160 30 30
谊 510 2160 30 30
剥 540 2160 30 30
恳 570 2160 30 30
展 600 2160 30 30
剧 630 2160 30 30
屑 660 2160 30 30
弱 690 2160 30 30
陵 0 2190 30 30
陶 30 2190 30 30
陷 60 2190 30 30
陪 90 2190 30 30
娱 120 2190 30 30
娘 150 2190 30 30
通 180 2190 30 30
能 210 2190 30 30
难 240 2190 30 30
预 270 2190 30 30
桑 300 2190 30 30
绢 330 2190 30 30
绣 360 2190 30 30
验 390 2190 30 30
继 420 2190 30 30
球 450 2190 30 30
理 480 2190 30 30
捧 510 2190 30 30
堵 540 2190 30 30
描 570 2190 30 30
域 600 2190 30 30
掩 630 2190 30 30
捷 660 2190 30 30
排 690 2190 30 30
掉 0 2220 30 30
堆 30 2220 30 30
推 60 2220 30 30
掀 90 2220 30 30
授 120 2220 30 30
教 150 2220 30 30
掏 180 2220 30 30
掠 210 2220 30 30
培 240 2220 30 30
接 270 2220 30 30
控 300 2220 30 30
探 330 2220 30 30
据 360 2220 30 30
掘 390 2220 30 30
职 420 2220 30 30
基 450 2220 30 30
著 480 2220 30 30
勒 510 2220 30 30
黄 540 2220 30 30
萌 570 2220 30 30
萝 600 2220 30 30
菌 630 2220 30 30
菜 660 2220 30 30
萄 690 2220 30 30
菊 0 2250 30 30
萍 30 2250 30 30
菠 60 2250 30 30
营 90 2250 30 30
械 120 2250 30 30
梦 150 2250 30 30
梢 180 2250 30 30
梅 210 2250 30 30
检 240 2250 30 30
梳 270 2250 30 30
梯 300 2250 30 30
桶 330 2250 30 30
救 360 2250 30 30
副 390 2250 30 30
票 420 2250 30 30
戚 450 2250 30 30
爽 480 2250 30 30
聋 510 2250 30 30
袭 540 2250 30 30
盛 570 2250 30 30
雪 600 2250 30 30
辅 630 2250 30 30
辆 660 2250 30 30
虚 690 2250 30 30
雀 0 2280 30 30
堂 30 2280 30 30
常 60 2280 30 30
匙 90 2280 30 30
晨 120 2280 30 30
睁 150 2280 30 30
眯 180 2280 30 30
眼 210 2280 30 30
悬 240 2280 30 30
野 270 2280 30 30
啦 300 2280 30 30
晚 330 2280 30 30
啄 360 2280 30 30
距 390 2280 30 30
跃 420 2280 30 30
略 450 2280 30 30
蛇 480 2280 30 30
累 510 2280 30 30
唱 540 2280 30 30
患 570 2280 30 30
唯 600 2280 30 30
崖 630 2280 30 30
崭 660 2280 30 30
崇 690 2280 30 30
圈 0 2310 30 30
铜 30 2310 30 30
铲 60 2310 30 30
银 90 2310 30 30
甜 120 2310 30 30
梨 150 2310 30 30
犁 180 2310 30 30
移 210 2310 30 30
笨 240 2310 30 30
笼 270 2310 30 30
笛 300 2310 30 30
符 330 2310 30 30
第 360 2310 30 30
敏 390 2310 30 30
做 420 2310 30 30
袋 450 2310 30 30
悠 480 2310 30 30
偿 510 2310 30 30
偶 540 2310 30 30
偷 570 2310 30 30
您 600 2310 30 30
售 630 2310 30 30
停 660 2310 30 30
偏 690 2310 30 30
假 0 2340 30 30
得 30 2340 30 30
衔 60 2340 30 30
盘 90 2340 30 30
船 120 2340 30 30
斜 150 2340 30 30
盒 180 2340 30 30
鸽 210 2340 30 30
悉 240 2340 30 30
欲 270 2340 30 30
彩 300 2340 30 30
领 330 2340 30 30
脚 360 2340 30 30
脖 390 2340 30 30
脸 420 2340 30 30
脱 450 2340 30 30
象 480 2340 30 30
够 510 2340 30 30
猜 540 2340 30 30
猪 570 2340 30 30
猎 600 2340 30 30
猫 630 2340 30 30
猛 660 2340 30 30
馅 690 2340 30 30
馆 0 2370 30 30
凑 30 2370 30 30
减 60 2370 30 30
毫 90 2370 30 30
麻 120 2370 30 30
痒 150 2370 30 30
痕 180 2370 30 30
廊 210 2370 30 30
康 240 2370 30 30
庸 270 2370 30 30
鹿 300 2370 30 30
盗 330 2370 30 30
章 360 2370 30 30
竟 390 2370 30 30
商 420 2370 30 30
族 450 2370 30 30
旋 480 2370 30 30
望 510 2370 30 30
率 540 2370 30 30
着 570 2370 30 30
盖 600 2370 30 30
粘 630 2370 30 30
粗 660 2370 30 30
粒 690 2370 30 30
断 0 2400 30 30
剪 30 2400 30 30
兽 60 2400 30 30
清 90 2400 30 30
添 120 2400 30 30
淋 150 2400 30 30
淹 180 2400 30 30
渠 210 2400 30 30
渐 240 2400 30 30
混 270 2400 30 30
渔 300 2400 30 30
淘 330 2400 30 30
液 360 2400 30 30
淡 390 2400 30 30
深 420 2400 30 30
婆 450 2400 30 30
梁 480 2400 30 30
渗 510 2400 30 30
情 540 2400 30 30
惜 570 2400 30 30
惭 600 2400 30 30
悼 630 2400 30 30
惧 660 2400 30 30
惕 690 2400 30 30
惊 0 2430 30 30
惨 30 2430 30 30
惯 60 2430 30 30
寇 90 2430 30 30
寄 120 2430 30 30
宿 150 2430 30 30
窑 180 2430 30 30
密 210 2430 30 30
谋 240 2430 30 30
谎 270 2430 30 30
祸 300 2430 30 30
谜 330 2430 30 30
逮 360 2430 30 30
敢 390 2430 30 30
屠 420 2430 30 30
弹 450 2430 30 30
随 480 2430 30 30
蛋 510 2430 30 30
隆 540 2430 30 30
隐 570 2430 30 30
婚 600 2430 30 30
婶 630 2430 30 30
颈 660 2430 30 30
绩 690 2430 30 30
绪 0 2460 30 30
续 30 2460 30 30
骑 60 2460 30 30
绳 90 2460 30 30
维 120 2460 30 30
绵 150 2460 30 30
绸 180 2460 30 30
绿 210 2460 30 30
琴 240 2460 30 30
斑 270 2460 30 30
替 300 2460 30 30
款 330 2460 30 30
堪 360 2460 30 30
搭 390 2460 30 30
塔 420 2460 30 30
越 450 2460 30 30
趁 480 2460 30 30
趋 510 2460 30 30
超 540 2460 30 30
提 570 2460 30 30
堤 600 2460 30 30
博 630 2460 30 30
揭 660 2460 30 30
喜 690 2460 30 30
插 0 2490 30 30
揪 30 2490 30 30
搜 60 2490 30 30
煮 90 2490 30 30
援 120 2490 30 30
裁 150 2490 30 30
搁 180 2490 30 30
搂 210 2490 30 30
搅 240 2490 30 30
握 270 2490 30 30
揉 300 2490 30 30
斯 330 2490 30 30
期 360 2490 30 30
欺 390 2490 30 30
联 420 2490 30 30
散 450 2490 30 30
惹 480 2490 30 30
葬 510 2490 30 30
葛 540 2490 30 30
董 570 2490 30 30
葡 600 2490 30 30
敬 630 2490 30 30
葱 660 2490 30 30
落 690 2490 30 30
朝 0 2520 30 30
辜 30 2520 30 30
葵 60 2520 30 30
棒 90 2520 30 30
棋 120 2520 30 30
植 150 2520 30 30
森 180 2520 30 30
椅 210 2520 30 30
椒 240 2520 30 30
棵 270 2520 30 30
棍 300 2520 30 30
棉 330 2520 30 30
棚 360 2520 30 30
棕 390 2520 30 30
惠 420 2520 30 30
惑 450 2520 30 30
逼 480 2520 30 30
厨 510 2520 30 30
厦 540 2520 30 30
硬 570 2520 30 30
确 600 2520 30 30
雁 630 2520 30 30
殖 660 2520 30 30
裂 690 2520 30 30
雄 0 2550 30 30
暂 30 2550 30 30
雅 60 2550 30 30
辈 90 2550 30 30
悲 120 2550 30 30
紫 150 2550 30 30
辉 180 2550 30 30
敞 210 2550 30 30
赏 240 2550 30 30
掌 270 2550 30 30
晴 300 2550 30 30
暑 330 2550 30 30
最 360 2550 30 30
量 390 2550 30 30
喷 420 2550 30 30
晶 450 2550 30 30
喇 480 2550 30 30
遇 510 2550 30 30
喊 540 2550 30 30
景 570 2550 30 30
践 600 2550 30 30
跌 630 2550 30 30
跑 660 2550 30 30
遗 690 2550 30 30
蛙 0 2580 30 30
蛛 30 2580 30 30
蜓 60 2580 30 30
喝 90 2580 30 30
喂 120 2580 30 30
喘 150 2580 30 30
喉 180 2580 30 30
幅 210 2580 30 30
帽 240 2580 30 30
赌 270 2580 30 30
赔 300 2580 30 30
黑 330 2580 30 30
铸 360 2580 30 30
铺 390 2580 30 30
链 420 2580 30 30
销 450 2580 30 30
锁 480 2580 30 30
锄 510 2580 30 30
锅 540 2580 30 30
锈 570 2580 30 30
锋 600 2580 30 30
锐 630 2580 30 30
短 660 2580 30 30
智 690 2580 30 30
毯 0 2610 30 30
鹅 30 2610 30 30
剩 60 2610 30 30
稍 90 2610 30 30
程 120 2610 30 30
稀 150 2610 30 30
税 180 2610 30 30
筐 210 2610 30 30
等 240 2610 30 30
筑 270 2610 30 30
策 300 2610 30 30
筛 330 2610 30 30
筒 360 2610 30 30
答 390 2610 30 30
筋 420 2610 30 30
筝 450 2610 30 30
傲 480 2610 30 30
傅 510 2610 30 30
牌 540 2610 30 30
堡 570 2610 30 30
集 600 2610 30 30
焦 630 2610 30 30
傍 660 2610 30 30
储 690 2610 30 30
奥 0 2640 30 30
街 30 2640 30 30
惩 60 2640 30 30
御 90 2640 30 30
循 120 2640 30 30
艇 150 2640 30 30
舒 180 2640 30 30
番 210 2640 30 30
释 240 2640 30 30
禽 270 2640 30 30
腊 300 2640 30 30
脾 330 2640 30 30
腔 360 2640 30 30
鲁 390 2640 30 30
猾 420 2640 30 30
猴 450 2640 30 30
然 480 2640 30 30
馋 510 2640 30 30
装 540 2640 30 30
蛮 570 2640 30 30
就 600 2640 30 30
痛 630 2640 30 30
童 660 2640 30 30
阔 690 2640 30 30
善 0 2670 30 30
羡 30 2670 30 30
普 60 2670 30 30
粪 90 2670 30 30
尊 120 2670 30 30
道 150 2670 30 30
曾 180 2670 30 30
焰 210 2670 30 30
港 240 2670 30 30
湖 270 2670 30 30
渣 300 2670 30 30
湿 330 2670 30 30
温 360 2670 30 30
渴 390 2670 30 30
滑 420 2670 30 30
湾 450 2670 30 30
渡 480 2670 30 30
游 510 2670 30 30
滋 540 2670 30 30
溉 570 2670 30 30
愤 600 2670 30 30
慌 630 2670 30 30
惰 660 2670 30 30
愧 690 2670 30 30
愉 0 2700 30 30
慨 30 2700 30 30
割 60 2700 30 30
寒 90 2700 30 30
富 120 2700 30 30
窜 150 2700 30 30
窝 180 2700 30 30
窗 210 2700 30 30
遍 240 2700 30 30
裕 270 2700 30 30
裤 300 2700 30 30
裙 330 2700 30 30
谢 360 2700 30 30
谣 390 2700 30 30
谦 420 2700 30 30
属 450 2700 30 30
屡 480 2700 30 30
强 510 2700 30 30
粥 540 2700 30 30
疏 570 2700 30 30
隔 600 2700 30 30
隙 630 2700 30 30
絮 660 2700 30 30
嫂 690 2700 30 30
登 0 2730 30 30
缎 30 2730 30 30
缓 60 2730 30 30
编 90 2730 30 30
骗 120 2730 30 30
缘 150 2730 30 30
瑞 180 2730 30 30
魂 210 2730 30 30
肆 240 2730 30 30
摄 270 2730 30 30
摸 300 2730 30 30
填 330 2730 30 30
搏 360 2730 30 30
塌 390 2730 30 30
鼓 420 2730 30 30
摆 450 2730 30 30
携 480 2730 30 30
搬 510 2730 30 30
摇 540 2730 30 30
搞 570 2730 30 30
塘 600 2730 30 30
摊 630 2730 30 30
蒜 660 2730 30 30
勤 690 2730 30 30
鹊 0 2760 30 30
蓝 30 2760 30 30
墓 60 2760 30 30
幕 90 2760 30 30
蓬 120 2760 30 30
蓄 150 2760 30 30
蒙 180 2760 30 30
蒸 210 2760 30 30
献 240 2760 30 30
禁 270 2760 30 30
楚 300 2760 30 30
想 330 2760 30 30
槐 360 2760 30 30
榆 390 2760 30 30
楼 420 2760 30 30
概 450 2760 30 30
赖 480 2760 30 30
酬 510 2760 30 30
感 540 2760 30 30
碍 570 2760 30 30
碑 600 2760 30 30
碎 630 2760 30 30
碰 660 2760 30 30
碗 690 2760 30 30
碌 0 2790 30 30
雷 30 2790 30 30
零 60 2790 30 30
雾 90 2790 30 30
雹 120 2790 30 30
输 150 2790 30 30
督 180 2790 30 30
龄 210 2790 30 30
鉴 240 2790 30 30
睛 270 2790 30 30
睡 300 2790 30 30
睬 330 2790 30 30
鄙 360 2790 30 30
愚 390 2790 30 30
暖 420 2790 30 30
盟 450 2790 30 30
歇 480 2790 30 30
暗 510 2790 30 30
照 540 2790 30 30
跨 570 2790 30 30
跳 600 2790 30 30
跪 630 2790 30 30
路 660 2790 30 30
跟 690 2790 30 30
遣 0 2820 30 30
蛾 30 2820 30 30
蜂 60 2820 30 30
嗓 90 2820 30 30
置 120 2820 30 30
罪 150 2820 30 30
罩 180 2820 30 30
错 210 2820 30 30
锡 240 2820 30 30
锣 270 2820 30 30
锤 300 2820 30 30
锦 330 2820 30 30
键 360 2820 30 30
锯 390 2820 30 30
矮 420 2820 30 30
辞 450 2820 30 30
稠 480 2820 30 30
愁 510 2820 30 30
筹 540 2820 30 30
签 570 2820 30 30
简 600 2820 30 30
毁 630 2820 30 30
舅 660 2820 30 30
鼠 690 2820 30 30
催 0 2850 30 30
傻 30 2850 30 30
像 60 2850 30 30
躲 90 2850 30 30
微 120 2850 30 30
愈 150 2850 30 30
遥 180 2850 30 30
腰 210 2850 30 30
腥 240 2850 30 30
腹 270 2850 30 30
腾 300 2850 30 30
腿 330 2850 30 30
触 360 2850 30 30
解 390 2850 30 30
酱 420 2850 30 30
痰 450 2850 30 30
廉 480 2850 30 30
新 510 2850 30 30
韵 540 2850 30 30
意 570 2850 30 30
粮 600 2850 30 30
数 630 2850 30 30
煎 660 2850 30 30
塑 690 2850 30 30
慈 0 2880 30 30
煤 30 2880 30 30
煌 60 2880 30 30
满 90 2880 30 30
漠 120 2880 30 30
源 150 2880 30 30
滤 180 2880 30 30
滥 210 2880 30 30
滔 240 2880 30 30
溪 270 2880 30 30
溜 300 2880 30 30
滚 330 2880 30 30
滨 360 2880 30 30
粱 390 2880 30 30
滩 420 2880 30 30
慎 450 2880 30 30
誉 480 2880 30 30
塞 510 2880 30 30
谨 540 2880 30 30
福 570 2880 30 30
群 600 2880 30 30
殿 630 2880 30 30
辟 660 2880 30 30
障 690 2880 30 30
嫌 0 2910 30 30
嫁 30 2910 30 30
叠 60 2910 30 30
缝 90 2910 30 30
缠 120 2910 30 30
静 150 2910 30 30
碧 180 2910 30 30
璃 210 2910 30 30
墙 240 2910 30 30
撇 270 2910 30 30
嘉 300 2910 30 30
摧 330 2910 30 30
截 360 2910 30 30
誓 390 2910 30 30
境 420 2910 30 30
摘 450 2910 30 30
摔 480 2910 30 30
聚 510 2910 30 30
蔽 540 2910 30 30
慕 570 2910 30 30
暮 600 2910 30 30
蔑 630 2910 30 30
模 660 2910 30 30
榴 690 2910 30 30
榜 0 2940 30 30
榨 30 2940 30 30
歌 60 2940 30 30
遭 90 2940 30 30
酷 120 2940 30 30
酿 150 2940 30 30
酸 180 2940 30 30
磁 210 2940 30 30
愿 240 2940 30 30
需 270 2940 30 30
弊 300 2940 30 30
裳 330 2940 30 30
颗 360 2940 30 30
嗽 390 2940 30 30
蜻 420 2940 30 30
蜡 450 2940 30 30
蝇 480 2940 30 30
蜘 510 2940 30 30
赚 540 2940 30 30
锹 570 2940 30 30
锻 600 2940 30 30
舞 630 2940 30 30
稳 660 2940 30 30
算 690 2940 30 30
箩 0 2970 30 30
管 30 2970 30 30
僚 60 2970 30 30
鼻 90 2970 30 30
魄 120 2970 30 30
貌 150 2970 30 30
膜 180 2970 30 30
膊 210 2970 30 30
膀 240 2970 30 30
鲜 270 2970 30 30
疑 300 2970 30 30
馒 330 2970 30 30
裹 360 2970 30 30
敲 390 2970 30 30
豪 420 2970 30 30
膏 450 2970 30 30
遮 480 2970 30 30
腐 510 2970 30 30
瘦 540 2970 30 30
辣 570 2970 30 30
竭 600 2970 30 30
端 630 2970 30 30
旗 660 2970 30 30
精 690 2970 30 30
歉 0 3000 30 30
熄 30 3000 30 30
熔 60 3000 30 30
漆 90 3000 30 30
漂 120 3000 30 30
漫 150 3000 30 30
滴 180 3000 30 30
演 210 3000 30 30
漏 240 3000 30 30
慢 270 3000 30 30
寨 300 3000 30 30
赛 330 3000 30 30
察 360 3000 30 30
蜜 390 3000 30 30
谱 420 3000 30 30
嫩 450 3000 30 30
翠 480 3000 30 30
熊 510 3000 30 30
凳 540 3000 30 30
骡 570 3000 30 30
缩 600 3000 30 30
慧 630 3000 30 30
撕 660 3000 30 30
撒 690 3000 30 30
趣 0 3030 30 30
趟 30 3030 30 30
撑 60 3030 30 30
播 90 3030 30 30
撞 120 3030 30 30
撤 150 3030 30 30
增 180 3030 30 30
聪 210 3030 30 30
鞋 240 3030 30 30
蕉 270 3030 30 30
蔬 300 3030 30 30
横 330 3030 30 30
槽 360 3030 30 30
樱 390 3030 30 30
橡 420 3030 30 30
飘 450 3030 30 30
醋 480 3030 30 30
醉 510 3030 30 30
震 540 3030 30 30
霉 570 3030 30 30
瞒 600 3030 30 30
题 630 3030 30 30
暴 660 3030 30 30
瞎 690 3030 30 30
影 0 3060 30 30
踢 30 3060 30 30
踏 60 3060 30 30
踩 90 3060 30 30
踪 120 3060 30 30
蝶 150 3060 30 30
蝴 180 3060 30 30
嘱 210 3060 30 30
墨 240 3060 30 30
镇 270 3060 30 30
靠 300 3060 30 30
稻 330 3060 30 30
黎 360 3060 30 30
稿 390 3060 30 30
稼 420 3060 30 30
箱 450 3060 30 30
箭 480 3060 30 30
篇 510 3060 30 30
僵 540 3060 30 30
躺 570 3060 30 30
僻 600 3060 30 30
德 630 3060 30 30
艘 660 3060 30 30
膝 690 3060 30 30
膛 0 3090 30 30
熟 30 3090 30 30
摩 60 3090 30 30
颜 90 3090 30 30
毅 120 3090 30 30
糊 150 3090 30 30
遵 180 3090 30 30
潜 210 3090 30 30
潮 240 3090 30 30
懂 270 3090 30 30
额 300 3090 30 30
慰 330 3090 30 30
劈 360 3090 30 30
操 390 3090 30 30
燕 420 3090 30 30
薯 450 3090 30 30
薪 480 3090 30 30
薄 510 3090 30 30
颠 540 3090 30 30
橘 570 3090 30 30
整 600 3090 30 30
融 630 3090 30 30
醒 660 3090 30 30
餐 690 3090 30 30
嘴 0 3120 30 30
蹄 30 3120 30 30
器 60 3120 30 30
赠 90 3120 30 30
默 120 3120 30 30
镜 150 3120 30 30
赞 180 3120 30 30
篮 210 3120 30 30
邀 240 3120 30 30
衡 270 3120 30 30
膨 300 3120 30 30
雕 330 3120 30 30
磨 360 3120 30 30
凝 390 3120 30 30
辨 420 3120 30 30
辩 450 3120 30 30
糖 480 3120 30 30
糕 510 3120 30 30
燃 540 3120 30 30
澡 570 3120 30 30
激 600 3120 30 30
懒 630 3120 30 30
壁 660 3120 30 30
避 690 3120 30 30
缴 0 3150 30 30
戴 30 3150 30 30
擦 60 3150 30 30
鞠 90 3150 30 30
藏 120 3150 30 30
霜 150 3150 30 30
霞 180 3150 30 30
瞧 210 3150 30 30
蹈 240 3150 30 30
螺 270 3150 30 30
穗 300 3150 30 30
繁 330 3150 30 30
辫 360 3150 30 30
赢 390 3150 30 30
糟 420 3150 30 30
糠 450 3150 30 30
燥 480 3150 30 30
臂 510 3150 30 30
翼 540 3150 30 30
骤 570 3150 30 30
鞭 600 3150 30 30
覆 630 3150 30 30
蹦 660 3150 30 30
镰 690 3150 30 30
